Resultado obtenido en 12937 iteraciones.
Aptitud: -935
Mejor genotipo: [[[50],[0],[0],[0],[0]],[[100],[100],[0],[100],[100]],[[60],[60],[60],[60],[0]],[[100],[0],[0],[0],[0]],[[50],[50],[50],[50],[50]]]

Resultado obtenido en 11666 iteraciones.
Aptitud: -935
Mejor genotipo: [[[50],[0],[0],[0],[0]],[[100],[100],[0],[100],[100]],[[55],[60],[15],[60],[60]],[[100],[0],[0],[0],[0]],[[50],[50],[50],[50],[50]]]

Resultado obtenido en 17401 iteraciones.
Aptitud: -935
Mejor genotipo: [[[50],[0],[0],[0],[0]],[[100],[100],[0],[100],[100]],[[60],[0],[60],[60],[60]],[[100],[0],[0],[0],[0]],[[50],[50],[50],[50],[50]]]

Resultado obtenido en 14395 iteraciones.
Aptitud: -935
Mejor genotipo: [[[50],[0],[0],[0],[0]],[[100],[100],[0],[100],[100]],[[60],[60],[0],[60],[60]],[[100],[0],[0],[0],[0]],[[50],[50],[50],[50],[50]]]

Resultado obtenido en 16825 iteraciones.
Aptitud: -935
Mejor genotipo: [[[50],[0],[0],[0],[0]],[[100],[100],[0],[100],[100]],[[15],[60],[55],[60],[60]],[[0],[0],[100],[0],[0]],[[50],[50],[50],[50],[50]]]

Resultado obtenido en 18308 iteraciones.
Aptitud: -935
Mejor genotipo: [[[50],[0],[0],[0],[0]],[[100],[100],[0],[100],[100]],[[60],[60],[60],[60],[0]],[[0],[0],[0],[0],[100]],[[50],[50],[50],[50],[50]]]

Resultado obtenido en 17135 iteraciones.
Aptitud: -935
Mejor genotipo: [[[50],[0],[0],[0],[0]],[[100],[100],[0],[100],[100]],[[60],[0],[60],[60],[60]],[[0],[0],[100],[0],[0]],[[50],[50],[50],[50],[50]]]

Resultado obtenido en 15772 iteraciones.
Aptitud: -935
Mejor genotipo: [[[50],[0],[0],[0],[0]],[[100],[100],[0],[100],[100]],[[60],[60],[60],[60],[0]],[[100],[0],[0],[0],[0]],[[50],[50],[50],[50],[50]]]

Resultado obtenido en 13494 iteraciones.
Aptitud: -935
Mejor genotipo: [[[50],[0],[0],[0],[0]],[[100],[100],[0],[100],[100]],[[60],[60],[60],[0],[60]],[[100],[0],[0],[0],[0]],[[50],[50],[50],[50],[50]]]

Resultado obtenido en 12769 iteraciones.
Aptitud: -935
Mejor genotipo: [[[50],[0],[0],[0],[0]],[[100],[100],[0],[100],[100]],[[60],[0],[60],[60],[60]],[[0],[0],[0],[0],[100]],[[50],[50],[50],[50],[50]]]

La cantidad promedio de iteraciones fueron 15070.2 y la máxima fue de 18308
Hubieron 10 resultado(s) con el valor de aptitud -935, que fue el mas alto.
La menor cantidad de iteraciones para llegar al mejor resultado fue de 11666. El genotipo fue:
[[[50],[0],[0],[0],[0]],[[100],[100],[0],[100],[100]],[[55],[60],[15],[60],[60]],[[100],[0],[0],[0],[0]],[[50],[50],[50],[50],[50]]]
Los datos de aptitud por iteración son:
-507270
-504982
-405411
-304890
-303766
-303766
-303766
-203341
-303416
-303416
-303179
-302973
-302963
-203979
-203979
-203311
-203311
-203311
-203466
-203466
-202958
-202600
-202579
-202579
-202788
-202513
-202513
-202372
-202268
-202372
-201966
-201966
-202163
-202387
-202387
-202079
-202079
-201897
-201897
-201897
-201897
-201897
-201710
-201720
-201710
-201710
-201497
-201710
-201710
-201710
-201710
-201710
-201685
-201685
-201685
-201651
-201651
-201651
-201675
-201700
-201700
-201700
-201700
-201520
-201520
-201700
-201690
-201700
-201700
-201700
-101864
-101859
-101854
-101725
-101725
-101725
-101725
-101725
-101725
-101725
-101725
-101517
-101517
-101517
-101517
-101641
-101616
-101507
-101507
-101507
-101507
-101522
-101522
-101522
-101522
-101522
-101522
-101522
-101522
-101522
-101522
-101477
-101477
-101477
-101477
-101467
-101477
-101477
-101477
-101477
-101477
-101477
-101477
-101477
-101477
-101477
-101477
-101477
-101477
-101477
-101477
-101477
-101477
-101477
-101477
-101477
-101391
-101275
-101381
-101381
-101371
-101371
-101381
-101381
-101381
-101381
-101381
-101381
-101381
-101381
-101381
-101381
-101381
-101381
-101381
-101381
-101381
-101381
-101381
-101280
-101386
-101386
-101386
-101386
-101381
-101381
-101381
-101386
-101386
-101386
-101386
-101386
-101386
-101386
-101386
-101386
-101371
-101371
-101371
-101386
-101386
-101386
-101386
-101386
-101386
-101386
-101386
-101386
-101386
-101386
-101386
-101386
-101386
-101386
-101386
-101386
-101386
-101280
-101280
-101386
-101386
-101386
-101386
-101386
-101386
-101386
-101386
-101386
-101386
-101386
-101381
-101381
-101381
-101381
-101381
-101381
-101386
-101386
-101386
-101381
-101381
-101381
-101381
-101381
-101381
-101381
-101381
-101381
-101381
-101280
-101280
-101280
-101280
-101280
-101280
-101280
-101280
-101280
-101280
-101225
-101280
-1230
-1230
-1230
-101280
-101280
-101280
-101225
-101280
-101280
-101280
-101280
-101280
-101280
-101280
-101280
-101280
-101255
-101255
-101255
-101255
-101255
-101255
-101255
-101255
-101255
-101290
-101290
-101290
-101290
-101290
-101290
-101290
-101290
-101290
-101376
-101376
-101376
-101376
-101336
-101336
-101336
-101275
-101275
-101275
-101275
-101275
-101275
-101275
-101275
-101275
-101275
-101275
-101275
-101275
-101255
-101275
-101275
-101275
-101275
-101275
-101275
-101255
-101275
-101275
-101275
-101270
-101275
-101275
-101275
-101275
-101275
-101275
-101275
-101275
-101275
-101275
-101275
-101275
-101275
-101255
-101255
-101275
-101275
-101270
-101270
-101265
-101265
-101270
-101270
-101270
-101270
-101270
-101270
-101270
-101270
-101270
-101270
-101270
-101270
-101275
-101275
-101265
-101265
-101265
-101265
-101265
-101265
-101275
-101275
-101275
-101275
-101275
-101275
-101265
-101265
-101265
-101265
-101265
-101265
-101265
-101265
-101265
-101265
-101265
-101265
-101255
-101255
-101255
-101265
-101255
-101255
-101255
-101255
-101265
-101260
-101260
-101265
-101265
-101265
-101265
-101265
-101265
-101265
-101265
-101265
-101265
-101245
-101265
-101265
-101265
-101265
-101265
-101265
-101265
-101245
-101265
-2009
-2009
-1893
-1893
-2009
-1905
-1796
-1905
-1905
-1895
-1576
-1905
-1905
-1905
-1890
-1890
-1826
-1509
-1509
-1509
-1509
-1408
-1509
-1509
-1509
-1316
-1504
-1504
-1393
-1504
-1321
-1504
-1489
-1489
-1489
-1388
-1393
-1482
-1378
-1482
-1482
-1477
-1477
-1477
-1393
-1393
-1373
-1373
-1301
-1301
-1296
-1296
-1296
-1296
-1296
-1296
-1296
-1296
-1296
-1296
-1296
-1296
-1180
-1180
-1180
-1180
-1180
-1180
-1180
-1180
-1180
-1180
-1180
-1180
-1180
-1180
-1180
-1180
-1180
-1180
-1180
-1180
-1180
-1180
-1165
-1180
-1180
-1180
-1180
-1180
-1180
-1180
-1180
-1180
-1180
-1180
-1180
-1155
-1180
-1180
-1180
-1180
-1180
-1180
-1180
-1180
-1180
-1180
-1180
-1180
-1180
-1180
-1180
-1180
-1180
-1180
-1180
-1180
-1180
-1180
-1180
-1180
-1180
-1180
-1180
-1180
-1180
-1180
-1180
-1155
-1155
-1155
-1155
-1155
-1155
-1155
-1155
-1155
-1155
-1155
-1155
-1155
-1155
-1155
-1155
-1155
-1155
-1155
-1155
-1155
-1155
-1155
-1155
-1155
-1155
-1155
-1155
-1155
-1155
-1155
-1155
-1155
-1155
-1155
-1155
-1155
-1155
-1155
-1155
-1155
-1155
-1155
-1155
-1155
-1155
-1155
-1155
-1155
-1155
-1155
-1155
-1155
-1155
-1155
-1155
-1155
-1155
-1155
-1155
-1155
-1155
-1155
-1155
-1155
-1155
-1155
-1155
-1155
-1155
-1155
-1155
-1155
-1155
-1155
-1155
-1155
-1155
-1155
-1155
-1155
-1155
-1155
-1155
-1155
-1155
-1155
-1155
-1155
-1155
-1155
-1155
-1155
-1155
-1155
-1155
-1155
-1155
-1155
-1155
-1155
-1155
-1155
-1155
-1155
-1155
-1145
-1145
-1155
-1155
-1155
-1155
-1155
-1155
-1155
-1155
-1155
-1155
-1155
-1125
-1125
-1125
-1170
-1170
-1170
-1155
-1155
-1165
-1165
-1185
-1185
-1185
-1185
-1185
-1185
-1185
-1185
-1368
-1368
-1437
-1185
-1185
-1185
-1185
-1185
-1185
-1185
-1185
-1185
-1185
-1185
-1185
-1185
-1185
-1185
-1185
-1165
-1165
-1165
-1165
-1185
-1185
-1185
-1185
-1185
-1185
-1185
-1185
-1175
-1175
-1175
-1175
-1175
-1175
-1175
-1155
-1175
-1175
-1175
-1175
-1175
-1155
-1155
-1155
-1175
-1175
-1175
-1175
-1175
-1170
-1170
-1170
-1170
-1155
-1155
-1155
-1175
-1175
-1160
-1175
-1175
-1175
-1175
-1175
-1175
-1175
-1175
-1175
-1175
-1175
-1175
-1175
-1175
-1175
-1175
-1175
-1175
-1175
-1175
-1175
-1175
-1175
-1175
-1175
-1175
-1175
-1175
-1175
-1175
-1175
-1175
-1175
-1175
-1175
-1175
-1175
-1175
-1175
-1175
-1175
-1175
-1175
-1205
-1274
-1274
-1274
-1274
-1309
-1284
-1284
-1284
-1284
-1284
-1492
-1492
-1308
-1398
-1398
-1398
-1492
-1204
-1526
-1526
-1417
-1526
-1432
-1432
-1432
-1417
-1417
-1417
-1417
-1417
-1417
-1417
-1417
-1417
-1417
-1417
-1417
-1417
-1417
-1407
-1417
-1417
-1308
-1308
-1308
-1308
-1308
-1308
-1308
-1308
-1308
-1308
-1308
-1308
-1308
-1308
-1313
-1303
-1303
-1303
-1303
-1303
-1303
-1303
-1303
-1303
-1303
-1298
-1298
-1298
-1080
-1080
-1080
-1194
-1194
-1194
-1298
-1298
-1298
-1298
-1189
-1189
-1189
-1189
-1189
-1154
-1154
-1189
-1189
-1189
-1189
-1189
-1189
-1189
-1189
-1189
-1189
-1189
-1189
-1189
-1189
-1189
-1194
-1194
-1194
-1100
-1100
-1090
-1090
-1090
-1194
-1194
-1194
-1194
-1194
-1194
-1194
-1090
-1090
-1090
-1090
-1090
-1080
-1090
-1090
-1090
-1090
-1090
-1090
-1090
-1090
-1090
-1090
-1090
-1090
-1090
-1090
-1090
-1090
-1090
-1090
-1090
-1090
-1090
-1090
-1090
-1090
-1090
-1080
-1090
-1090
-1090
-1090
-1090
-1090
-1090
-1080
-1080
-1080
-1080
-1080
-1080
-1080
-1080
-1080
-1080
-1080
-1080
-1080
-1080
-1080
-1080
-1080
-1080
-1080
-1080
-1080
-1080
-1080
-1080
-1080
-1080
-1080
-1080
-1080
-1080
-1080
-1080
-1080
-1080
-1075
-1080
-1080
-1080
-1080
-1075
-1075
-1075
-1075
-1075
-1075
-1075
-1075
-1075
-1075
-1065
-1070
-1075
-1075
-1075
-1075
-1075
-1075
-1075
-1075
-1075
-1065
-1075
-1075
-1075
-1065
-1075
-1075
-1075
-1075
-1075
-1075
-1075
-1075
-1075
-1075
-1075
-1075
-1075
-1075
-1075
-1075
-1075
-1075
-1075
-1075
-1075
-1075
-1075
-1075
-1075
-1065
-1065
-1065
-1065
-1065
-1075
-1075
-1075
-1075
-1075
-1065
-1065
-1065
-1065
-1065
-1065
-1065
-1065
-1065
-1065
-1065
-1065
-1065
-1065
-1065
-1065
-1065
-1065
-1065
-1065
-1065
-1065
-1065
-1065
-1065
-1065
-1065
-1065
-1065
-1065
-1065
-1065
-1065
-1055
-1055
-1055
-1065
-1065
-1065
-1065
-1070
-1070
-1070
-1070
-1065
-1065
-1065
-1065
-1065
-1065
-1065
-1065
-1065
-1065
-1065
-1050
-1050
-1050
-1050
-1050
-1050
-1050
-1050
-1050
-1050
-1050
-1050
-1050
-1050
-1050
-1050
-1050
-1050
-1050
-1050
-1050
-1050
-1050
-1050
-1050
-1050
-1050
-1050
-1050
-1050
-1050
-1050
-1050
-1050
-1050
-1050
-1050
-1050
-1050
-1050
-1050
-1050
-1050
-1050
-1050
-1050
-1050
-1050
-1050
-1050
-1050
-1050
-1050
-1050
-1050
-1050
-1050
-1050
-1050
-1050
-1050
-1050
-1050
-1050
-1050
-1050
-1050
-1050
-1050
-1050
-1050
-1050
-1050
-1050
-1050
-1050
-1050
-1050
-1050
-1050
-1050
-1050
-1050
-1050
-1050
-1050
-1050
-1050
-1050
-1020
-1020
-1020
-1020
-1020
-1020
-1020
-1020
-1020
-1020
-1020
-1020
-1020
-1020
-1020
-1020
-1020
-1020
-1020
-1020
-1020
-1020
-1020
-1020
-1020
-1020
-1020
-1020
-1020
-1020
-975
-1020
-1020
-1020
-1020
-1020
-1020
-1020
-1020
-1020
-1020
-1020
-1020
-1020
-1020
-975
-1020
-1020
-1020
-1020
-1020
-1020
-1020
-1020
-1020
-1020
-1015
-1015
-1015
-1015
-1020
-1020
-1020
-1020
-1020
-1020
-1020
-1010
-1020
-1020
-1020
-1010
-990
-990
-990
-990
-990
-990
-990
-990
-990
-990
-990
-990
-990
-990
-990
-990
-990
-990
-990
-965
-990
-990
-980
-980
-980
-990
-990
-990
-990
-990
-990
-990
-990
-990
-990
-990
-990
-990
-990
-990
-990
-990
-990
-990
-990
-990
-990
-990
-990
-990
-990
-990
-990
-990
-990
-990
-990
-990
-990
-990
-990
-990
-990
-990
-990
-990
-990
-990
-990
-990
-990
-990
-990
-990
-990
-990
-990
-990
-990
-990
-990
-990
-990
-990
-990
-990
-990
-990
-990
-990
-990
-990
-990
-990
-990
-990
-990
-990
-990
-990
-990
-990
-990
-990
-990
-990
-990
-990
-990
-990
-990
-990
-990
-990
-990
-990
-990
-990
-990
-990
-990
-990
-990
-990
-990
-990
-990
-990
-990
-990
-990
-990
-990
-990
-990
-990
-990
-990
-990
-990
-990
-990
-990
-990
-990
-990
-990
-990
-990
-990
-990
-990
-990
-990
-990
-990
-990
-990
-990
-990
-990
-990
-990
-990
-990
-990
-990
-990
-990
-990
-990
-990
-990
-985
-985
-985
-985
-985
-985
-975
-985
-985
-985
-985
-985
-985
-985
-985
-985
-985
-985
-985
-985
-985
-985
-985
-985
-975
-975
-985
-975
-975
-975
-975
-975
-975
-975
-975
-975
-975
-975
-975
-975
-975
-975
-975
-975
-975
-975
-975
-975
-975
-975
-975
-975
-975
-1089
-1089
-1089
-1089
-1079
-1079
-1079
-1079
-1079
-1079
-1079
-1079
-1079
-1005
-1079
-1079
-1079
-1079
-1079
-1079
-1079
-1079
-1079
-990
-990
-990
-990
-990
-990
-990
-990
-990
-975
-975
-990
-975
-975
-975
-975
-990
-990
-990
-990
-990
-990
-975
-975
-990
-990
-990
-990
-990
-990
-990
-990
-990
-990
-990
-990
-990
-990
-990
-990
-990
-990
-990
-990
-990
-990
-990
-990
-990
-990
-990
-990
-990
-990
-990
-990
-990
-990
-990
-990
-970
-970
-970
-970
-970
-970
-970
-970
-970
-970
-970
-970
-970
-970
-965
-965
-965
-965
-965
-965
-965
-965
-965
-965
-965
-965
-965
-965
-965
-965
-965
-955
-955
-955
-955
-955
-955
-955
-955
-955
-955
-955
-955
-955
-955
-955
-965
-965
-955
-955
-955
-955
-955
-955
-955
-955
-955
-955
-955
-955
-955
-955
-955
-955
-955
-955
-955
-955
-955
-955
-955
-955
-955
-955
-955
-955
-955
-955
-955
-955
-955
-950
-950
-950
-950
-950
-950
-950
-950
-950
-950
-950
-950
-950
-950
-950
-950
-950
-950
-950
-950
-945
-950
-950
-950
-950
-950
-950
-945
-950
-950
-950
-950
-950
-950
-950
-940
-940
-940
-940
-940
-940
-940
-940
-940
-940
-935
-940
-940
-940
-940
-940
-940
-940
-940
-940
-940
-940
-940
-940
-940
-940
-940
-940
-940
-940
-940
-940
-940
-940
-940
-940
-940
-940
-940
-940
-940
-940
-940
-940
-940
-940
-940
-940
-940
-940
-940
-940
-940
-935
-935
-935
-935
-935
-935
-935
-935
-935
-935
-935
-935
-935
-935
-935
-935
-935
-935
-935
-935
-935
-935
-935
-935
-935
-935
-935
-935
-935
-935
-935
-935
-935
-935
-935
-935
-935
-935
-935
-935
-935
-935
-935
-935
-935
-935
-935
-935
-935
-935
-935
-935
-935
-935
-935
-935
-935
-935
-935
-935
-935
-935
-935
-935
-935
-935
-935
-935
-935
-935
-935
-935
-935
-935
-935
-935
-935
-935
-935
-935
-935
-935
-935
-935
-935
-935
-935
-935
-935
-935
-935
-935
-935
-935
-935
-935
-935
-935
-935
-935
-935
-935
-935
-935
-935
-935
-935
-935
-935
-935
-935
-935
-935
-935
-935
-935
-935
-935
-935
-935
-935
-935
-935
-935
-935
-935
-935
-935
-935
-935
-935
-935
-935
-935
-935
-935
-935
-935
-935
-935
-935
-935
-935
-945
-1138
-1138
-1138
-1138
-1044
-1138
-1138
-1138
-1138
-1138
-1138
-1138
-950
-950
-950
-950
-950
-950
-950
-950
-950
-950
-950
-950
-950
-950
-950
-950
-950
-950
-950
-950
-1069
-1069
-950
-950
-950
-1069
-1049
-1049
-1049
-1049
-1049
-1049
-970
-970
-970
-970
-970
-950
-950
-950
-950
-950
-950
-950
-950
-950
-950
-950
-950
-950
-950
-950
-950
-950
-950
-955
-955
-955
-935
-935
-935
-935
-935
-935
-935
-935
-935
-935
-935
-935
-935
-935
-935
-935
-935
-935
-935
-945
-945
-945
-945
-945
-945
-945
-945
-945
-945
-945
-945
-945
-945
-945
-945
-945
-945
-945
-945
-945
-945
-945
-945
-945
-945
-945
-945
-945
-945
-945
-945
-945
-945
-945
-945
-945
-945
-945
-945
-945
-945
-945
-945
-945
-945
-945
-945
-945
-945
-945
-945
-945
-945
-945
-945
-945
-945
-945
-945
-945
-945
-945
-945
-945
-945
-945
-945
-945
-945
-945
-945
-945
-945
-945
-945
-945
-945
-945
-945
-945
-945
-945
-945
-945
-945
-945
-945
-945
-945
-945
-945
-945
-945
-945
-945
-945
-940
-945
-945
-945
-945
-945
-945
-945
-945
-945
-945
-945
-945
-945
-945
-945
-945
-945
-945
-945
-945
-945
-945
-945
-945
-945
-945
-945
-945
-945
-945
-945
-935
-935
-935
-945
-945
-945
-945
-945
-945
-945
-945
-945
-945
-945
-945
-945
-945
-945
-945
-945
-945
-945
-940
-940
-940
-940
-940
-940
-940
-940
-940
-940
-940
-940
-940
-940
-940
-940
-940
-940
-940
-940
-940
-940
-940
-940
-940
-940
-940
-940
-940
-940
-940
-940
-940
-940
-940
-940
-940
-940
-940
-940
-940
-940
-940
-940
-940
-940
-940
-940
-940
-940
-940
-940
-940
-940
-940
-940
-940
-940
-940
-940
-940
-940
-940
-940
-940
-940
-940
-940
-940
-940
-940
-940
-940
-940
-940
-940
-940
-940
-940
-940
-940
-950
-950
-950
-950
-950
-950
-950
-950
-950
-950
-950
-950
-950
-950
-950
-950
-950
-950
-950
-950
-950
-950
-950
-950
-950
-950
-950
-945
-950
-950
-950
-950
-950
-950
-950
-950
-950
-950
-950
-950
-950
-950
-950
-950
-950
-950
-950
-950
-950
-950
-950
-950
-950
-950
-950
-950
-950
-950
-950
-950
-950
-950
-945
-945
-945
-945
-945
-945
-945
-945
-945
-945
-945
-950
-950
-950
-950
-950
-940
-940
-940
-940
-940
-940
-940
-940
-940
-940
-940
-940
-940
-940
-940
-940
-940
-940
-940
-940
-940
-940
-940
-940
-940
-940
-940
-940
-940
-940
-940
-940
-940
-940
-940
-940
-940
-940
-940
-940
-940
-940
-940
-940
-940
-940
-940
-940
-940
-940
-940
-940
-940
-940
-940
-940
-940
-940
-940
-940
-940
-940
-940
-940
-940
-940
-940
-940
-940
-940
-940
-940
-940
-940
-940
-940
-940
-940
-940
-940
-940
-940
-940
-940
-940
-940
-940
-940
-940
-940
-940
-940
-940
-940
-940
-940
-940
-940
-940
-940
-940
-940
-940
-940
-940
-940
-940
-940
-940
-940
-940
-940
-940
-940
-940
-940
-940
-940
-940
-940
-940
-940
-940
-940
-940
-940
-940
-940
-940
-940
-940
-940
-940
-940
-940
-940
-940
-940
-940
-940
-940
-940
-940
-940
-940
-940
-940
-940
-940
-940
-940
-940
-940
-940
-940
-940
-940
-940
-940
-940
-940
-940
-940
-940
-940
-940
-940
-940
-940
-940
-940
-940
-940
-940
-940
-940
-940
-940
-940
-940
-940
-940
-940
-940
-940
-940
-940
-940
-940
-940
-940
-940
-940
-940
-940
-940
-940
-940
-940
-940
-940
-940
-940
-940
-940
-940
-940
-940
-940
-940
-940
-940
-940
-940
-940
-940
-940
-940
-940
-940
-940
-940
-940
-940
-940
-940
-940
-940
-940
-940
-940
-940
-940
-940
-940
-940
-940
-940
-940
-940
-940
-940
-940
-940
-940
-940
-940
-940
-940
-940
-940
-940
-940
-940
-940
-940
-940
-940
-940
-940
-940
-940
-940
-940
-940
-940
-940
-940
-940
-940
-940
-940
-940
-940
-940
-940
-940
-940
-940
-940
-940
-940
-940
-940
-940
-940
-940
-940
-940
-940
-940
-940
-940
-940
-940
-940
-940
-940
-940
-940
-940
-940
-940
-940
-940
-940
-940
-940
-940
-940
-940
-940
-940
-940
-940
-940
-940
-940
-1039
-1039
-1039
-1039
-1039
-1039
-1039
-1039
-1039
-1039
-1039
-1039
-1039
-1039
-1039
-1039
-1039
-1039
-1039
-1039
-1039
-1039
-1039
-1039
-1039
-1039
-1039
-1039
-1039
-1039
-1039
-1039
-1039
-1039
-1039
-1039
-1039
-1039
-1039
-1039
-1039
-1039
-1039
-1039
-1039
-1015
-1015
-1039
-1039
-1039
-1039
-1039
-1039
-1039
-1039
-1039
-1039
-1039
-1039
-1039
-1039
-940
-940
-940
-940
-940
-940
-940
-940
-940
-940
-940
-940
-940
-940
-940
-940
-940
-940
-940
-940
-940
-940
-940
-940
-940
-940
-940
-940
-940
-940
-940
-940
-940
-940
-940
-940
-940
-940
-940
-940
-940
-940
-940
-940
-940
-940
-940
-940
-940
-940
-940
-940
-940
-940
-940
-940
-940
-940
-940
-940
-940
-940
-940
-940
-940
-940
-940
-940
-940
-940
-940
-940
-940
-940
-940
-940
-940
-940
-940
-940
-940
-940
-940
-940
-940
-940
-940
-940
-940
-940
-940
-940
-940
-940
-940
-940
-940
-940
-940
-940
-940
-940
-940
-940
-940
-940
-940
-940
-940
-940
-940
-940
-940
-940
-940
-940
-940
-940
-940
-940
-940
-940
-940
-940
-940
-940
-940
-940
-940
-940
-940
-940
-940
-940
-940
-940
-940
-940
-940
-940
-940
-940
-940
-940
-940
-940
-940
-940
-940
-940
-940
-940
-940
-940
-940
-940
-940
-940
-940
-940
-940
-940
-940
-940
-940
-940
-940
-940
-940
-940
-940
-940
-940
-940
-940
-940
-940
-940
-940
-940
-940
-940
-940
-940
-940
-1044
-1044
-1044
-1064
-1163
-1163
-1079
-1079
-1079
-1079
-1079
-1079
-975
-1079
-1079
-1049
-1049
-1079
-1079
-1079
-975
-975
-975
-975
-975
-975
-1079
-1079
-975
-975
-1079
-1079
-990
-975
-975
-975
-975
-975
-975
-975
-975
-975
-975
-975
-975
-975
-975
-975
-975
-975
-975
-975
-975
-975
-975
-975
-975
-975
-975
-975
-975
-975
-975
-975
-950
-950
-950
-945
-945
-950
-950
-950
-950
-950
-950
-950
-950
-950
-950
-950
-950
-950
-950
-950
-950
-950
-950
-950
-950
-950
-950
-950
-950
-950
-950
-950
-950
-940
-940
-940
-950
-950
-950
-950
-950
-950
-950
-950
-950
-945
-950
-950
-950
-950
-950
-950
-950
-950
-950
-950
-950
-950
-950
-950
-950
-985
-985
-985
-985
-985
-985
-985
-985
-980
-985
-985
-985
-985
-985
-985
-985
-985
-985
-970
-985
-985
-985
-985
-985
-985
-985
-985
-985
-985
-985
-985
-985
-985
-960
-960
-960
-960
-960
-960
-960
-960
-960
-960
-960
-960
-960
-960
-960
-960
-960
-960
-960
-960
-960
-960
-960
-960
-960
-960
-960
-960
-960
-960
-960
-960
-960
-960
-960
-960
-960
-960
-960
-960
-960
-960
-960
-960
-960
-960
-960
-960
-960
-960
-960
-960
-960
-955
-960
-960
-960
-960
-960
-960
-960
-960
-960
-960
-960
-960
-960
-960
-960
-960
-960
-960
-960
-960
-960
-960
-960
-960
-960
-975
-975
-975
-975
-975
-975
-975
-975
-975
-975
-975
-975
-975
-975
-975
-975
-975
-975
-975
-975
-975
-975
-975
-975
-975
-975
-975
-975
-975
-975
-975
-975
-975
-975
-975
-975
-975
-975
-975
-975
-975
-975
-975
-975
-975
-975
-975
-960
-960
-975
-975
-975
-975
-975
-975
-975
-975
-975
-975
-975
-975
-975
-975
-975
-975
-975
-975
-975
-965
-965
-975
-975
-975
-975
-975
-975
-975
-975
-975
-975
-975
-975
-975
-975
-975
-975
-975
-975
-975
-975
-975
-975
-975
-975
-975
-975
-975
-975
-975
-975
-975
-975
-975
-975
-975
-975
-975
-975
-975
-975
-975
-975
-960
-975
-975
-975
-975
-975
-975
-975
-975
-975
-975
-975
-975
-975
-975
-975
-975
-975
-975
-975
-975
-975
-975
-975
-975
-975
-975
-975
-975
-975
-975
-975
-975
-975
-975
-975
-975
-975
-975
-975
-975
-975
-975
-975
-975
-970
-975
-975
-975
-975
-975
-975
-975
-975
-975
-975
-975
-975
-975
-975
-975
-975
-975
-975
-975
-975
-975
-975
-975
-975
-975
-975
-975
-975
-975
-975
-975
-975
-975
-975
-975
-975
-975
-970
-970
-970
-970
-970
-970
-970
-970
-970
-970
-970
-970
-970
-970
-970
-970
-970
-970
-970
-970
-970
-970
-970
-970
-970
-970
-970
-970
-970
-970
-970
-970
-970
-970
-970
-970
-970
-970
-970
-970
-970
-970
-970
-970
-970
-970
-970
-970
-970
-970
-970
-970
-970
-970
-970
-970
-970
-970
-970
-970
-970
-970
-970
-970
-970
-970
-970
-970
-970
-970
-970
-970
-970
-970
-970
-970
-970
-970
-970
-970
-970
-970
-970
-970
-970
-970
-970
-970
-970
-970
-970
-970
-970
-970
-970
-970
-970
-970
-970
-970
-970
-970
-970
-970
-970
-970
-970
-970
-970
-970
-970
-970
-970
-970
-970
-970
-970
-970
-970
-970
-970
-970
-970
-970
-970
-970
-970
-970
-970
-970
-970
-970
-970
-970
-970
-950
-950
-950
-970
-970
-970
-970
-970
-955
-955
-955
-955
-955
-955
-955
-955
-960
-960
-960
-960
-960
-960
-960
-960
-960
-960
-960
-960
-960
-960
-960
-960
-960
-960
-960
-960
-960
-960
-960
-960
-960
-945
-960
-960
-960
-960
-960
-960
-960
-960
-960
-960
-960
-960
-960
-960
-960
-960
-960
-960
-960
-945
-945
-945
-945
-945
-945
-945
-945
-945
-945
-945
-935
-935
-935
-935
-935
-935
-935
-935
-950
-950
-955
-955
-955
-955
-955
-955
-955
-955
-955
-955
-955
-955
-955
-955
-955
-955
-955
-955
-955
-955
-955
-955
-945
-945
-945
-945
-945
-945
-945
-945
-945
-945
-945
-945
-945
-945
-945
-945
-945
-945
-945
-945
-945
-945
-945
-945
-945
-945
-945
-945
-945
-945
-945
-945
-945
-945
-945
-945
-955
-955
-955
-955
-945
-955
-955
-955
-955
-955
-955
-955
-955
-955
-955
-955
-955
-955
-955
-955
-955
-955
-955
-955
-950
-950
-950
-955
-955
-955
-955
-955
-955
-1197
-1197
-1197
-1197
-1197
-1162
-1162
-1162
-1162
-1056
-1056
-1056
-1056
-1056
-965
-965
-965
-965
-965
-965
-1056
-1056
-1056
-1056
-1056
-1056
-1056
-1056
-1056
-1056
-1056
-1056
-1056
-1056
-1056
-1056
-1056
-1056
-1056
-1046
-960
-1046
-950
-950
-950
-950
-950
-950
-950
-950
-950
-950
-945
-950
-950
-950
-945
-945
-945
-945
-945
-945
-935
-935
-935
-935
-945
-945
-945
-945
-945
-945
-945
-945
-945
-945
-945
-945
-945
-945
-945
-945
-945
-945
-945
-945
-945
-945
-945
-945
-945
-945
-945
-945
-945
-945
-945
-945
-945
-945
-945
-945
-945
-945
-945
-945
-945
-945
-945
-945
-945
-945
-945
-945
-945
-940
-940
-940
-940
-940
-940
-935
-940
-940
-940
-940
-940
-940
-940
-940
-940
-940
-940
-940
-940
-940
-940
-940
-935
-935
-935
-935
-935
-935
-935
-935
-935
-935
-935
-940
-940
-940
-940
-940
-940
-940
-940
-940
-940
-940
-940
-940
-940
-940
-940
-940
-940
-940
-935
-935
-935
-935
-935
-935
-935
-940
-940
-940
-935
-940
-940
-940
-940
-940
-940
-940
-940
-940
-940
-940
-940
-940
-940
-940
-940
-940
-940
-940
-935
-935
-940
-940
-940
-940
-940
-940
-940
-940
-940
-940
-940
-940
-940
-940
-940
-940
-940
-940
-940
-940
-940
-940
-940
-940
-940
-935
-935
-935
-935
-935
-935
-935
-935
-935
-935
-935
-935
-935
-935
-935
-935
-935
-935
-935
-935
-935
-935
-935
-935
-935
-935
-935
-935
-935
-935
-935
-935
-935
-935
-935
-935
-935
-935
-935
-935
-935
-935
-935
-935
-935
-935
-935
-935
-935
-935
-935
-935
-935
-935
-935
-935
-935
-935
-935
-935
-935
-935
-935
-935
-935
-935
-935
-935
-935
-935
-935
-935
-935
-935
-935
-935
-935
-935
-935
-935
-935
-935
-935
-935
-935
-935
-935
-935
-935
-935
-935
-935
-935
-935
-935
-935
-935
-935
-935
-935
-935
-935
-935
-935
-935
-935
-935
-935
-935
-935
-935
-935
-935
-935
-935
-935
-935
-935
-935
-935
-935
-935
-935
-935
-935
-935
-935
-935
-935
-935
-935
-935
-935
-935
-935
-935
-935
-935
-935
-935
-935
-935
-935
-935
-935
-935
-935
-935
-935
-935
-935
-935
-935
-935
-935
-935
-935
-935
-935
-935
-935
-935
-935
-935
-935
-935
-935
-935
-935
-935
-935
-935
-935
-935
-935
-935
-935
-935
-935
-935
-935
-935
-935
-935
-935
-935
-935
-935
-935
-935
-935
-935
-935
-935
-935
-935
-935
-935
-935
-935
-935
-935
-935
-935
-935
-935
-935
-935
-935
-935
-935
-935
-935
-935
-935
-935
-935
-935
-935
-935
-935
-935
-935
-935
-935
-935
-935
-935
-935
-935
-935
-935
-935
-935
-935
-935
-935
-935
-935
-935
-935
-935
-935
-935
-935
-935
-935
-935
-935
-935
-935
-935
-935
-935
-935
-935
-935
-935
-935
-935
-935
-935
-935
-935
-935
-935
-935
-935
-935
-935
-935
-935
-935
-935
-935
-935
-935
-935
-935
-935
-935
-935
-935
-935
-935
-935
-935
-935
-935
-935
-935
-935
-935
-935
-935
-935
-935
-935
-935
-935
-935
-935
-935
-935
-935
-935
-935
-935
-935
-935
-935
-935
-935
-935
-935
-935
-935
-935
-935
-935
-935
-935
-935
-935
-935
-935
-935
-935
-935
-935
-935
-935
-935
-935
-935
-935
-935
-935
-935
-935
-935
-935
-935
-935
-935
-935
-935
-935
-935
-935
-935
-935
-935
-935
-935
-935
-935
-935
-935
-935
-935
-935
-935
-935
-935
-935
-935
-935
-935
-935
-935
-935
-935
-935
-935
-935
-935
-935
-935
-935
-935
-935
-935
-935
-935
-935
-935
-935
-935
-935
-935
-935
-935
-935
-935
-935
-935
-935
-935
-935
-935
-935
-935
-935
-935
-935
-935
-935
-935
-935
-935
-935
-935
-935
-935
-935
-935
-935
-935
-935
-935
-935
-935
-935
-935
-935
-935
-935
-935
-935
-935
-935
-935
-935
-935
-935
-935
-935
-935
-935
-935
-935
-935
-935
-935
-935
-935
-935
-935
-935
-935
-935
-935
-935
-935
-935
-935
-935
-935
-935
-935
-935
-935
-935
-935
-935
-935
-935
-935
-935
-935
-935
-935
-935
-935
-935
-935
-935
-935
-935
-935
-935
-935
-935
-935
-935
-935
-935
-935
-935
-935
-935
-935
-935
-935
-935
-935
-935
-935
-935
-935
-935
-935
-935
-935
-935
-935
-935
-935
-935
-935
-935
-935
-935
-935
-935
-935
-935
-975
-975
-975
-975
-975
-1076
-1076
-1076
-1076
-1076
-1076
-1000
-1000
-975
-960
-975
-1220
-1195
-1195
-1220
-1220
-1220
-1220
-1220
-1114
-1114
-1114
-1114
-1114
-1114
-1000
-1114
-1114
-1074
-1074
-1074
-1114
-1114
-1114
-1074
-1074
-1074
-1074
-960
-960
-1074
-1074
-1074
-1074
-1074
-1074
-1074
-1074
-1074
-1074
-1074
-1074
-1074
-1074
-1074
-1074
-1074
-1074
-1074
-1074
-1074
-980
-980
-980
-975
-975
-975
-1074
-1074
-1074
-1074
-1074
-1074
-1049
-1049
-1049
-1049
-1074
-1074
-1074
-1074
-1074
-1074
-1074
-1074
-975
-1074
-1074
-1074
-1074
-1074
-1074
-1074
-1074
-1074
-1074
-1074
-1074
-1074
-1069
-1074
-1074
-1074
-970
-970
-985
-985
-985
-1074
-1074
-1074
-1074
-1074
-1074
-1074
-1074
-1074
-1074
-1074
-1074
-1074
-975
-975
-975
-975
-975
-975
-975
-975
-975
-975
-975
-975
-975
-975
-1074
-1074
-1074
-1074
-1074
-1074
-1074
-1074
-1074
-1064
-1064
-1064
-980
-1064
-1064
-1064
-1064
-1064
-1064
-1064
-1064
-1064
-1064
-1064
-1064
-1064
-1064
-1064
-1064
-1064
-1064
-1064
-1064
-1064
-1064
-1064
-1064
-1064
-980
-980
-980
-1064
-980
-980
-980
-980
-980
-980
-980
-980
-980
-980
-985
-980
-980
-980
-980
-980
-980
-980
-980
-980
-980
-980
-980
-980
-980
-960
-980
-980
-980
-980
-980
-980
-980
-980
-980
-980
-980
-980
-980
-980
-980
-980
-980
-980
-980
-980
-980
-980
-980
-980
-980
-980
-980
-980
-980
-980
-980
-980
-980
-980
-975
-975
-975
-980
-980
-980
-980
-980
-980
-980
-980
-980
-980
-980
-980
-980
-980
-980
-980
-980
-980
-980
-980
-980
-980
-980
-980
-980
-980
-955
-955
-955
-955
-955
-955
-955
-955
-955
-955
-955
-955
-955
-955
-955
-955
-955
-955
-955
-955
-955
-955
-955
-955
-955
-955
-955
-955
-955
-955
-955
-955
-955
-955
-955
-955
-955
-955
-955
-955
-955
-955
-955
-955
-955
-955
-955
-955
-955
-955
-955
-955
-955
-950
-950
-950
-950
-950
-950
-950
-950
-950
-950
-950
-950
-950
-950
-950
-950
-950
-950
-950
-950
-950
-950
-950
-950
-950
-950
-950
-950
-950
-950
-950
-950
-950
-950
-950
-950
-950
-950
-950
-950
-950
-950
-950
-950
-950
-950
-950
-950
-950
-950
-950
-950
-950
-950
-950
-950
-950
-950
-950
-950
-950
-950
-950
-950
-950
-950
-950
-950
-950
-950
-950
-950
-950
-950
-950
-950
-945
-950
-950
-950
-950
-950
-950
-950
-950
-950
-950
-950
-950
-950
-950
-950
-950
-950
-950
-950
-950
-950
-950
-950
-950
-950
-950
-950
-945
-945
-950
-950
-950
-950
-950
-950
-950
-950
-950
-945
-945
-950
-950
-950
-950
-950
-950
-950
-950
-935
-950
-950
-950
-950
-950
-950
-950
-950
-950
-950
-950
-950
-950
-950
-950
-950
-935
-935
-935
-935
-935
-935
-935
-935
-935
-935
-935
-935
-935
-935
-935
-945
-945
-945
-945
-945
-945
-945
-945
-945
-945
-945
-945
-945
-945
-945
-945
-945
-945
-945
-945
-945
-945
-945
-945
-945
-945
-945
-945
-945
-945
-945
-945
-945
-945
-945
-945
-945
-945
-945
-945
-945
-945
-945
-945
-945
-945
-945
-945
-945
-945
-945
-945
-945
-945
-945
-945
-945
-945
-945
-945
-945
-945
-945
-945
-945
-945
-945
-945
-945
-945
-945
-945
-935
-945
-945
-945
-945
-945
-935
-935
-935
-935
-935
-935
-935
-935
-935
-935
-935
-935
-935
-935
-935
-935
-935
-935
-935
-935
-935
-935
-935
-935
-935
-935
-935
-935
-935
-935
-935
-935
-935
-935
-935
-935
-935
-935
-935
-935
-935
-935
-935
-935
-935
-935
-935
-935
-935
-935
-935
-935
-935
-935
-935
-935
-935
-935
-935
-935
-935
-935
-935
-935
-935
-935
-935
-935
-935
-935
-935
-935
-935
-935
-935
-935
-935
-935
-935
-935
-935
-935
-935
-935
-935
-935
-935
-935
-935
-935
-935
-935
-935
-935
-935
-935
-935
-935
-935
-935
-935
-935
-935
-935
-935
-935
-935
-935
-935
-935
-935
-935
-935
-935
-935
-935
-935
-935
-935
-935
-935
-935
-935
-935
-935
-935
-935
-935
-935
-935
-935
-935
-935
-935
-935
-935
-935
-935
-935
-935
-935
-935
-935
-935
-935
-935
-935
-935
-935
-935
-935
-935
-935
-935
-935
-935
-935
-935
-935
-935
-935
-935
-935
-935
-935
-935
-935
-935
-935
-935
-935
-935
-935
-935
-935
-935
-935
-935
-935
-935
-935
-935
-935
-935
-935
-935
-935
-935
-935
-935
-935
-935
-935
-935
-935
-935
-935
-935
-935
-935
-935
-935
-935
-935
-935
-935
-935
-935
-935
-935
-935
-935
-935
-935
-935
-935
-940
-965
-1044
-935
-935
-935
-935
-935
-935
-935
-935
-935
-935
-935
-935
-935
-935
-935
-935
-935
-935
-935
-935
-935
-935
-935
-935
-935
-935
-935
-935
-935
-935
-935
-935
-935
-935
-935
-935
-935
-935
-935
-935
-935
-935
-935
-935
-935
-935
-935
-935
-935
-935
-935
-935
-935
-935
-935
-935
-935
-935
-935
-935
-935
-935
-935
-935
-935
-935
-935
-935
-935
-935
-935
-935
-935
-935
-935
-935
-935
-935
-935
-935
-935
-935
-935
-935
-935
-935
-935
-935
-935
-935
-935
-935
-935
-935
-935
-935
-935
-935
-935
-935
-935
-935
-935
-935
-935
-935
-935
-935
-935
-935
-935
-935
-935
-935
-935
-935
-935
-935
-935
-935
-935
-935
-935
-935
-935
-935
-935
-935
-935
-935
-935
-935
-935
-935
-935
-935
-935
-935
-935
-935
-935
-935
-935
-935
-935
-935
-935
-935
-935
-935
-935
-935
-935
-935
-935
-935
-935
-935
-935
-935
-935
-935
-935
-935
-935
-935
-935
-935
-935
-935
-935
-935
-935
-935
-935
-935
-935
-935
-935
-935
-935
-935
-935
-935
-935
-935
-935
-935
-935
-935
-935
-935
-935
-935
-935
-935
-935
-935
-935
-1044
-1044
-1044
-935
-935
-1044
-1044
-1044
-1044
-1044
-935
-935
-935
-935
-935
-935
-935
-935
-935
-935
-935
-945
-945
-945
-945
-945
-945
-945
-945
-945
-945
-945
-945
-935
-935
-935
-935
-935
-935
-935
-935
-935
-945
-935
-935
-935
-935
-935
-935
-935
-935
-935
-935
-935
-935
-935
-935
-935
-935
-935
-935
-935
-935
-935
-935
-935
-935
-935
-935
-935
-935
-935
-935
-935
-935
-935
-935
-935
-935
-935
-935
-935
-935
-935
-935
-935
-935
-935
-935
-935
-935
-935
-935
-935
-935
-935
-935
-935
-935
-935
-935
-935
-935
-935
-935
-935
-935
-935
-935
-935
-935
-935
-935
-935
-935
-935
-935
-935
-935
-935
-935
-935
-935
-935
-935
-935
-935
-935
-935
-935
-935
-935
-935
-935
-935
-935
-935
-935
-935
-935
-935
-935
-935
-935
-935
-935
-935
-935
-935
-935
-935
-935
-935
-935
-935
-935
-935
-935
-935
-935
-935
-935
-935
-935
-935
-935
-935
-935
-935
-935
-935
-935
-935
-935
-935
-935
-935
-935
-935
-935
-935
-935
-935
-935
-935
-935
-935
-935
-935
-935
-935
-935
-935
-935
-935
-935
-935
-935
-935
-935
-935
-935
-935
-935
-935
-935
-935
-935
-935
-935
-935
-935
-935
-935
-935
-935
-935
-935
-935
-935
-935
-935
-935
-935
-935
-935
-935
-935
-935
-935
-935
-935
-935
-935
-935
-935
-935
-935
-935
-935
-935
-935
-935
-935
-935
-935
-935
-935
-935
-935
-935
-935
-935
-935
-935
-935
-935
-935
-935
-935
-935
-935
-935
-935
-935
-935
-935
-935
-935
-935
-935
-935
-935
-935
-935
-935
-935
-935
-935
-935
-935
-935
-935
-935
-935
-935
-935
-935
-935
-935
-935
-935
-935
-935
-935
-935
-935
-935
-935
-935
-935
-935
-935
-935
-935
-935
-935
-935
-935
-935
-935
-935
-935
-935
-935
-935
-935
-935
-935
-935
-935
-935
-935
-935
-935
-935
-935
-935
-935
-935
-935
-935
-935
-935
-935
-935
-935
-935
-935
-935
-935
-935
-935
-935
-935
-935
-935
-935
-935
-935
-935
-935
-935
-935
-935
-935
-935
-935
-935
-935
-935
-935
-935
-935
-935
-935
-935
-935
-935
-935
-935
-935
-935
-935
-935
-935
-935
-935
-935
-935
-935
-935
-935
-935
-935
-935
-935
-935
-935
-935
-935
-935
-935
-935
-935
-935
-935
-935
-935
-935
-935
-935
-935
-935
-935
-935
-935
-935
-935
-935
-935
-935
-935
-935
-935
-935
-935
-935
-935
-935
-935
-935
-935
-935
-935
-935
-935
-935
-935
-935
-935
-935
-935
-935
-935
-935
-935
-935
-935
-935
-935
-935
-935
-935
-935
-935
-935
-935
-935
-935
-935
-935
-935
-935
-935
-935
-935
-935
-935
-935
-935
-935
-935
-935
-935
-935
-935
-935
-935
-935
-935
-935
-935
-935
-935
-935
-935
-935
-935
-935
-935
-935
-935
-935
-935
-935
-935
-935
-935
-935
-935
-935
-935
-935
-935
-935
-935
-935
-935
-935
-935
-935
-935
-935
-935
-935
-935
-935
-935
-935
-935
-935
-935
-935
-935
-935
-935
-935
-935
-935
-935
-935
-935
-935
-935
-935
-935
-935
-935
-935
-935
-935
-935
-935
-935
-935
-935
-935
-935
-935
-935
-935
-935
-935
-935
-935
-935
-935
-935
-935
-935
-935
-935
-935
-935
-935
-935
-935
-935
-935
-935
-935
-935
-935
-935
-935
-935
-935
-935
-935
-935
-935
-935
-935
-935
-935
-935
-935
-935
-935
-935
-935
-935
-935
-935
-935
-935
-935
-935
-935
-935
-935
-935
-935
-935
-935
-935
-935
-935
-935
-935
-935
-935
-935
-935
-935
-935
-935
-935
-935
-935
-935
-935
-935
-935
-935
-935
-935
-935
-935
-935
-935
-935
-935
-935
-935
-935
-935
-935
-935
-935
-935
-935
-935
-935
-935
-935
-935
-935
-935
-935
-935
-935
-935
-935
-935
-935
-935
-935
-935
-935
-935
-935
-935
-935
-935
-935
-935
-935
-935
-935
-935
-935
-935
-935
-935
-935
-935
-935
-935
-935
-935
-935
-935
-935
-935
-935
-935
-935
-935
-935
-935
-935
-935
-935
-935
-935
-935
-935
-935
-935
-935
-935
-935
-935
-935
-935
-935
-935
-935
-935
-935
-935
-935
-935
-935
-935
-935
-935
-935
-935
-935
-935
-935
-935
-935
-935
-935
-935
-935
-935
-935
-935
-935
-935
-935
-935
-935
-935
-935
-935
-935
-935
-935
-935
-935
-935
-935
-980
-980
-980
-980
-980
-980
-980
-980
-980
-980
-980
-980
-980
-980
-980
-980
-980
-980
-980
-980
-980
-975
-975
-975
-975
-975
-975
-980
-980
-980
-980
-980
-980
-980
-980
-980
-980
-980
-980
-980
-980
-980
-980
-980
-980
-980
-980
-980
-980
-980
-980
-980
-980
-980
-980
-980
-980
-980
-980
-980
-980
-980
-980
-970
-965
-970
-970
-980
-975
-975
-975
-975
-975
-975
-975
-975
-975
-975
-975
-975
-975
-975
-975
-975
-975
-975
-975
-975
-975
-975
-975
-975
-975
-975
-975
-975
-975
-975
-975
-975
-975
-975
-975
-975
-975
-975
-975
-975
-975
-975
-975
-975
-975
-975
-975
-975
-975
-975
-975
-975
-975
-975
-975
-975
-975
-975
-975
-975
-975
-975
-975
-975
-975
-975
-975
-975
-975
-975
-975
-975
-975
-975
-975
-975
-975
-975
-975
-975
-975
-975
-975
-975
-975
-975
-975
-975
-975
-975
-975
-975
-975
-975
-975
-975
-975
-975
-975
-975
-975
-975
-975
-975
-975
-975
-975
-975
-975
-975
-975
-975
-975
-975
-975
-975
-975
-975
-975
-975
-975
-975
-975
-975
-975
-975
-975
-975
-975
-975
-975
-975
-975
-975
-975
-975
-975
-975
-975
-975
-975
-975
-975
-975
-975
-975
-975
-975
-975
-975
-975
-975
-975
-975
-975
-975
-975
-975
-975
-975
-975
-975
-975
-975
-975
-975
-975
-975
-975
-975
-975
-975
-975
-975
-975
-975
-975
-975
-975
-975
-975
-975
-975
-975
-975
-975
-975
-975
-975
-975
-975
-975
-975
-975
-975
-975
-975
-975
-975
-975
-975
-975
-975
-975
-975
-975
-965
-965
-965
-965
-965
-965
-965
-965
-965
-965
-965
-965
-965
-965
-965
-965
-950
-950
-950
-950
-950
-950
-950
-950
-950
-950
-950
-950
-950
-950
-950
-950
-950
-950
-950
-950
-950
-950
-950
-950
-950
-950
-950
-950
-950
-950
-950
-950
-950
-950
-950
-950
-950
-950
-950
-950
-940
-940
-940
-940
-940
-940
-940
-940
-940
-940
-940
-935
-935
-935
-935
-935
-935
-935
-935
-935
-935
-935
-935
-935
-935
-935
-950
-950
-950
-950
-950
-950
-950
-950
-950
-950
-950
-950
-950
-950
-945
-945
-935
-935
-945
-950
-950
-950
-950
-950
-950
-950
-950
-950
-950
-950
-950
-950
-950
-950
-950
-950
-950
-950
-950
-950
-950
-950
-950
-950
-950
-950
-950
-950
-950
-950
-950
-950
-950
-950
-950
-950
-950
-950
-950
-950
-950
-950
-950
-950
-950
-950
-950
-950
-950
-950
-950
-950
-950
-950
-950
-950
-950
-950
-950
-950
-950
-950
-950
-950
-950
-950
-950
-950
-950
-950
-950
-950
-950
-950
-950
-950
-950
-940
-950
-950
-950
-950
-950
-950
-950
-950
-950
-950
-950
-950
-950
-950
-950
-950
-950
-950
-950
-950
-950
-950
-950
-950
-950
-950
-950
-950
-950
-950
-950
-950
-950
-950
-950
-950
-950
-950
-950
-950
-950
-950
-950
-950
-950
-950
-950
-950
-950
-950
-950
-950
-950
-950
-950
-950
-950
-950
-950
-950
-950
-950
-950
-950
-950
-950
-950
-950
-950
-950
-950
-950
-950
-950
-950
-950
-950
-950
-950
-950
-950
-950
-950
-950
-950
-950
-950
-950
-950
-950
-950
-950
-950
-950
-950
-950
-950
-950
-950
-950
-950
-950
-950
-950
-950
-950
-950
-950
-950
-950
-950
-950
-950
-950
-950
-950
-935
-935
-935
-950
-950
-950
-950
-950
-950
-950
-950
-950
-950
-950
-950
-950
-950
-950
-950
-950
-950
-950
-950
-950
-950
-950
-950
-950
-950
-950
-995
-995
-995
-995
-995
-995
-995
-995
-995
-995
-995
-995
-995
-995
-995
-995
-995
-995
-995
-995
-995
-995
-995
-995
-995
-995
-995
-995
-995
-995
-995
-995
-995
-995
-995
-995
-995
-995
-950
-950
-950
-950
-950
-950
-950
-1153
-1203
-1203
-1203
-1203
-1203
-1172
-995
-995
-995
-995
-995
-995
-950
-950
-950
-950
-950
-950
-950
-950
-950
-950
-950
-950
-950
-950
-950
-950
-950
-950
-950
-950
-950
-950
-950
-950
-950
-950
-950
-950
-950
-950
-950
-950
-950
-950
-950
-950
-935
-950
-950
-950
-950
-950
-950
-950
-950
-950
-950
-950
-950
-950
-950
-950
-950
-950
-950
-950
-950
-950
-950
-950
-950
-950
-950
-950
-950
-950
-950
-950
-950
-950
-950
-950
-950
-950
-950
-950
-950
-950
-950
-950
-950
-950
-950
-950
-950
-950
-950
-950
-950
-935
-950
-950
-950
-950
-950
-950
-950
-950
-950
-950
-950
-950
-950
-950
-950
-950
-950
-950
-945
-950
-950
-950
-950
-950
-950
-950
-950
-950
-950
-950
-950
-950
-950
-950
-950
-950
-950
-950
-950
-950
-950
-950
-950
-950
-950
-950
-950
-950
-950
-950
-950
-950
-950
-950
-950
-950
-950
-950
-950
-950
-950
-950
-950
-950
-950
-950
-950
-950
-950
-950
-950
-950
-950
-950
-950
-950
-950
-950
-950
-950
-950
-950
-950
-950
-950
-950
-950
-950
-950
-950
-950
-950
-950
-950
-950
-950
-950
-950
-950
-950
-950
-950
-950
-950
-950
-950
-950
-950
-950
-950
-950
-950
-950
-950
-950
-950
-950
-950
-950
-950
-950
-950
-950
-950
-950
-950
-950
-950
-950
-950
-950
-950
-950
-950
-935
-935
-935
-935
-935
-935
-950
-950
-950
-950
-950
-950
-950
-950
-950
-950
-950
-950
-950
-950
-950
-950
-955
-955
-955
-955
-955
-955
-955
-955
-1054
-1054
-1054
-1054
-1054
-955
-950
-950
-950
-950
-950
-950
-950
-950
-950
-950
-950
-950
-950
-950
-950
-950
-950
-950
-950
-950
-950
-950
-950
-950
-950
-950
-950
-950
-950
-950
-950
-950
-950
-950
-950
-950
-950
-950
-950
-950
-960
-960
-960
-960
-960
-960
-960
-960
-960
-960
-960
-960
-960
-960
-960
-980
-1114
-1086
-965
-1114
-965
-1101
-1207
-1207
-1207
-1510
-1510
-1441
-1416
-1327
-1416
-1416
-1416
-1203
-1203
-1203
-1416
-1342
-1416
-1411
-1354
-1431
-1431
-1431
-1431
-1431
-1431
-1431
-1431
-1431
-1431
-1431
-1431
-1431
-1258
-1258
-1258
-1015
-1015
-1015
-1000
-1000
-1000
-1000
-1000
-1000
-1000
-1000
-1000
-1000
-1000
-1000
-1000
-1000
-1000
-1000
-1000
-1000
-1000
-1000
-1000
-1000
-1000
-1000
-990
-990
-990
-1000
-1000
-1000
-1000
-1000
-1000
-1000
-1000
-1000
-1000
-1000
-1000
-1000
-1000
-1000
-1000
-1000
-1000
-1000
-1000
-1000
-1000
-1000
-1000
-1000
-1000
-1010
-1010
-1000
-1010
-1000
-1005
-1005
-1005
-1005
-1005
-1005
-1005
-1005
-1005
-1005
-1005
-1005
-1005
-1005
-1005
-1005
-1005
-1005
-1005
-1005
-995
-1005
-1005
-1005
-1005
-1005
-1005
-1005
-1005
-1005
-1005
-1005
-1005
-1005
-1005
-1005
-1005
-1005
-1005
-1005
-1005
-1005
-1005
-1005
-1005
-1005
-1015
-1015
-1015
-1119
-1119
-1119
-1119
-1119
-1015
-1015
-1119
-1010
-1010
-1010
-1119
-1010
-1010
-1010
-1010
-1010
-1010
-1010
-1010
-1010
-1010
-1010
-1010
-1010
-1010
-1010
-1010
-1000
-1000
-1000
-1000
-1000
-1000
-990
-990
-990
-990
-1000
-1000
-1000
-1000
-1000
-1000
-1000
-1000
-1000
-1000
-1000
-1000
-1000
-1000
-1000
-1000
-1000
-1000
-1000
-1000
-1000
-1000
-1000
-1000
-1000
-1000
-1000
-1000
-1000
-1000
-1000
-1000
-1000
-1000
-1000
-1000
-1000
-1000
-1000
-1000
-1000
-1000
-1000
-1000
-1000
-1000
-1000
-1000
-1000
-1000
-1000
-1000
-1000
-1000
-995
-990
-990
-990
-990
-1000
-1000
-1000
-1000
-1000
-1000
-1000
-1000
-1000
-1000
-1000
-1000
-960
-985
-985
-985
-985
-985
-985
-985
-985
-985
-985
-985
-985
-985
-985
-985
-985
-985
-985
-985
-985
-985
-985
-985
-985
-985
-985
-985
-985
-950
-950
-950
-950
-950
-950
-965
-950
-965
-950
-965
-965
-965
-965
-965
-965
-965
-965
-965
-965
-965
-965
-965
-965
-965
-965
-965
-965
-965
-965
-965
-965
-965
-965
-965
-965
-965
-965
-965
-950
-950
-950
-950
-950
-965
-965
-965
-965
-965
-955
-955
-955
-955
-955
-955
-955
-975
-955
-965
-965
-965
-1198
-1198
-1198
-1198
-1198
-1198
-1158
-1198
-1198
-975
-975
-975
-975
-1292
-1312
-1312
-1298
-1220
-1220
-1220
-1220
-1220
-1040
-980
-980
-980
-980
-980
-980
-980
-980
-980
-980
-980
-980
-980
-1025
-1025
-1025
-1010
-1005
-990
-990
-990
-990
-1025
-1025
-1025
-1025
-1025
-1005
-1025
-1025
-1005
-1025
-1025
-1025
-1025
-1025
-1025
-1025
-1025
-1025
-1025
-1020
-1020
-1020
-1020
-1020
-1020
-1020
-1020
-1020
-1020
-1020
-1020
-1020
-1020
-1020
-1020
-1020
-1020
-1020
-1020
-1020
-1000
-1000
-1000
-1000
-1000
-1020
-1020
-1020
-1020
-1020
-1020
-1020
-1020
-1020
-1020
-1020
-1020
-985
-985
-985
-1005
-1005
-1005
-1005
-1020
-1020
-1020
-1020
-1020
-1010
-1010
-1010
-1010
-1010
-1005
-1005
-985
-985
-985
-985
-985
-985
-985
-985
-985
-985
-985
-985
-985
-985
-985
-965
-965
-965
-965
-965
-965
-965
-965
-965
-950
-950
-950
-950
-950
-950
-950
-950
-950
-950
-950
-950
-950
-950
-950
-950
-950
-950
-950
-950
-950
-950
-950
-940
-950
-950
-950
-950
-950
-950
-950
-950
-950
-950
-950
-950
-950
-935
-950
-950
-950
-950
-950
-950
-950
-950
-950
-950
-950
-950
-950
-950
-950
-950
-950
-950
-950
-950
-950
-950
-950
-1089
-975
-1089
-1089
-1089
-1089
-980
-1089
-1089
-1089
-1089
-1089
-1089
-1089
-1089
-1089
-1089
-1089
-1089
-1089
-1089
-1089
-1089
-1089
-1089
-1089
-1089
-1089
-1089
-1089
-1089
-1089
-1089
-1084
-1084
-1084
-1084
-1084
-980
-965
-965
-965
-1084
-1084
-1084
-1084
-1089
-1089
-1089
-1089
-1089
-1089
-1089
-1089
-1084
-1084
-1084
-1089
-1089
-980
-980
-980
-980
-1025
-1025
-1025
-1025
-1025
-1025
-1025
-1025
-1025
-980
-980
-980
-980
-980
-955
-955
-955
-955
-955
-955
-955
-955
-955
-955
-955
-955
-955
-950
-950
-950
-950
-950
-950
-950
-950
-950
-950
-950
-950
-950
-950
-950
-950
-950
-950
-950
-950
-950
-950
-950
-950
-950
-950
-950
-950
-950
-950
-950
-950
-950
-950
-950
-950
-950
-950
-950
-950
-950
-950
-950
-950
-950
-950
-950
-950
-950
-950
-950
-950
-950
-950
-950
-950
-950
-950
-950
-950
-950
-950
-945
-945
-950
-950
-950
-950
-950
-950
-950
-950
-950
-950
-950
-950
-950
-950
-950
-950
-950
-950
-950
-950
-950
-950
-950
-950
-935
-940
-935
-940
-940
-940
-940
-935
-935
-940
-935
-935
-935
-935
-935
-935
-935
-935
-935
-935
-935
-935
-935
-935
-935
-935
-935
-935
-935
-935
-935
-935
-935
-935
-935
-935
-935
-935
-935
-935
-935
-935
-935
-935
-935
-935
-935
-935
-1510
-1298
-1404
-1404
-1327
-1327
-1247
-1247
-1178
-1137
-1247
-1247
-1327
-1327
-1327
-1327
-1228
-1119
-1119
-1119
-1119
-1119
-1005
-1005
-1005
-1005
-1005
-1005
-1005
-1005
-1005
-1005
-1005
-1005
-1005
-1005
-1005
-1005
-1005
-1005
-1005
-1005
-1005
-1005
-1005
-1005
-1005
-1005
-1005
-1005
-1005
-1005
-1005
-1005
-1005
-1005
-1005
-1005
-1005
-995
-1005
-1005
-1005
-1005
-1005
-1005
-1005
-1005
-1005
-1005
-1005
-1005
-1005
-1005
-1005
-1005
-1005
-1005
-1005
-1005
-1005
-1005
-1005
-1005
-1005
-1005
-1005
-1005
-995
-995
-995
-995
-995
-995
-995
-995
-995
-955
-955
-955
-995
-995
-995
-995
-995
-995
-995
-995
-995
-995
-995
-975
-975
-995
-995
-995
-995
-995
-995
-995
-995
-995
-995
-995
-995
-990
-995
-995
-995
-995
-995
-995
-995
-995
-995
-955
-955
-955
-955
-955
-995
-995
-995
-990
-990
-990
-990
-990
-955
-955
-955
-955
-955
-990
-990
-990
-990
-990
-990
-990
-990
-990
-990
-990
-990
-990
-975
-975
-975
-975
-975
-975
-985
-985
-985
-985
-985
-985
-970
-970
-985
-985
-985
-985
-985
-985
-985
-985
-985
-985
-985
-985
-985
-985
-985
-960
-960
-960
-960
-960
-975
-975
-950
-950
-975
-975
-975
-975
-975
-975
-975
-960
-960
-960
-960
-960
-960
-960
-960
-960
-960
-960
-960
-960
-1218
-1292
-1292
-1069
-1292
-1262
-1292
-1292
-1292
-1292
-1292
-1292
-1292
-1292
-1292
-1292
-1292
-1272
-1272
-1292
-1292
-1203
-1203
-1054
-1203
-1203
-1203
-1203
-1054
-1054
-1054
-1054
-1054
-1054
-1054
-1054
-1054
-1054
-1054
-1054
-1054
-1054
-1054
-1054
-1054
-1054
-1054
-1054
-1054
-1054
-1054
-1267
-1267
-1084
-1084
-1084
-1084
-1084
-970
-970
-970
-970
-970
-970
-975
-1074
-1074
-1074
-1064
-1064
-1064
-1064
-1064
-1064
-1064
-1064
-1074
-1074
-1074
-1074
-1054
-1054
-1074
-970
-1074
-1074
-1074
-1074
-1074
-1074
-1074
-1074
-1074
-1074
-1074
-970
-1084
-1188
-1188
-1188
-1114
-1114
-1114
-1114
-1114
-1114
-1114
-1114
-1193
-1342
-1342
-1203
-1203
-1203
-1203
-1203
-1406
-1406
-1203
-1119
-1119
-1119
-1119
-1104
-1094
-1094
-1094
-1104
-1104
-1104
-1104
-1104
-1025
-1025
-1025
-1025
-1025
-1025
-1025
-1025
-1020
-1020
-1020
-1020
-1020
-1020
-1020
-1020
-1020
-1020
-1020
-1020
-1020
-1020
-1020
-980
-980
-980
-980
-980
-980
-980
-980
-980
-980
-1010
-955
-955
-955
-955
-955
-955
-980
-955
-955
-955
-955
-955
-955
-955
-955
-955
-955
-955
-955
-955
-955
-955
-955
-955
-955
-955
-955
-955
-955
-955
-955
-955
-955
-955
-955
-955
-955
-955
-955
-955
-950
-955
-955
-955
-955
-955
-935
-935
-935
-935
-935
-935
-935
-935
-935
-935
-935
-935
-935
-935
-935
-935
-935
-935
-935
-935
-935
-935
-935
-935
-935
-935
-935
-935
-935
-935
-935
-935
-935
-935
-935
-935
-935
-935
-935
-935
-935
-935
-935
-935
-935
-935
-935
-935
-935
-935
-935
-935
-935
-935
-935
-935
-935
-935
-935
-935
-935
-935
-935
-935
-935
-935
-935
-935
-935
-935
-935
-935
-935
-935
-935
-935
-935
-935
-935
-935
-935
-935
-935
-935
-935
-935
-935
-935
-935
-935
-935
-935
-935
-935
-935
-935
-935
-935
-935
-935
-935
-935
-935
-935
-935
-935
-935
-935
-935
-935
-935
-935
-935
-935
-935
-935
-935
-935
-935
-935
-935
-935
-935
-935
-935
-935
-935
-935
-935
-935
-935
-935
-935
-935
-935
-935
-935
-935
-935
-935
-935
-935
-935
-935
-935
-935
-935
-935
-935
-935
-935
-935
-935
-935
-935
-935
-935
-935
-935
-935
-935
-935
-935
-935
-935
-935
-935
-935
-935
-935
-935
-935
-935
-935
-935
-935
-935
-935
-935
-935
-935
-935
-935
-935
-935
-935
-935
-935
-935
-935
-935
-935
-935
-935
-935
-935
-935
-935
-935
-935
-935
-935
-935
-935
-935
-935
-935
-935
-935
-935
-935
-935
-935
-935
-935
-935
-935
-935
-935
-935
-935
-935
-935
-935
-935
-935
-935
-935
-935
-935
-935
-935
-935
-935
-935
-935
-935
-935
-935
-935
-935
-935
-935
-935
-935
-935
-935
-935
-935
-935
-935
-935
-935
-935
-935
-935
-935
-935
-935
-935
-935
-935
-935
-935
-935
-935
-935
-935
-935
-935
-935
-935
-935
-935
-935
-935
-935
-935
-935
-935
-935
-935
-935
-935
-935
-935
-935
-935
-935
-935
-935
-935
-935
-935
-935
-935
-935
-935
-935
-935
-935
-935
-935
-935
-935
-935
-935
-935
-935
-935
-935
-935
-935
-935
-935
-935
-935
-935
-935
-935
-935
-935
-935
-955
-1158
-1158
-1322
-1084
-1084
-1271
-1307
-1307
-1307
-1307
-1307
-1307
-1317
-1317
-1322
-1322
-1322
-1322
-1322
-1317
-1317
-1307
-1307
-1322
-1312
-1302
-1312
-1312
-1312
-1317
-1317
-1238
-1238
-1238
-1317
-1317
-1317
-1317
-1302
-1243
-1243
-1213
-1213
-1213
-1213
-1213
-1213
-1213
-1213
-1213
-1213
-1213
-1213
-1213
-1213
-1213
-1213
-1129
-1238
-1238
-1238
-1238
-1243
-1243
-1228
-1228
-1243
-1243
-1243
-1243
-1243
-1243
-1243
-1243
-1243
-1243
-1243
-1243
-1243
-1243
-1243
-1243
-1243
-1129
-1243
-1243
-1243
-1243
-1238
-1238
-1238
-1238
-1243
-1243
-1243
-1243
-1243
-1243
-1243
-1243
-1248
-1169
-1248
-1248
-1248
-1248
-1248
-1253
-1253
-1253
-1253
-1253
-1154
-1253
-1253
-1253
-1253
-1253
-1238
-1238
-1248
-1248
-1248
-1238
-1238
-1248
-1248
-1080
-1080
-1080
-1080
-1065
-1065
-1065
-1065
-1080
-1080
-1080
-1080
-1055
-1080
-1080
-1080
-1080
-1080
-1080
-1080
-1080
-1080
-1080
-1080
-1080
-1080
-1075
-1080
-1060
-1060
-1075
-1075
-1080
-1080
-1080
-1070
-1070
-1070
-1065
-1065
-1065
-1065
-1065
-1070
-1070
-1070
-1060
-1060
-1060
-1040
-1070
-1070
-1070
-1070
-1070
-1070
-1070
-1070
-1070
-1065
-1065
-1065
-1065
-1065
-1065
-1045
-1045
-1040
-1045
-1045
-1045
-1045
-1060
-1060
-1060
-1060
-1060
-1060
-1060
-1060
-1060
-1060
-1060
-1070
-1070
-1060
-1060
-1070
-1070
-1070
-1070
-1070
-1070
-1070
-1070
-1070
-1070
-1070
-1070
-1070
-1070
-1070
-1070
-1070
-1070
-1070
-1070
-1070
-1070
-1070
-1070
-1070
-1070
-1070
-1070
-1065
-1060
-1045
-1070
-1045
-1045
-1045
-1045
-1045
-1045
-1045
-1045
-1045
-1045
-1045
-1045
-1060
-1060
-1159
-1159
-1159
-1159
-1159
-1159
-1159
-1159
-1159
-1159
-1159
-1159
-1159
-1159
-1159
-1159
-1159
-1159
-1159
-1050
-1050
-1050
-1050
-1050
-1050
-1050
-1050
-1050
-1050
-1050
-1050
-1050
-1050
-1050
-1050
-1050
-1045
-1045
-1040
-1030
-1040
-1050
-1050
-1035
-1035
-1035
-1030
-1030
-1030
-1030
-1030
-1030
-1030
-1030
-1030
-1020
-1020
-1020
-1020
-1020
-1020
-1020
-1020
-1030
-1030
-1030
-1030
-1030
-1030
-1030
-1030
-1030
-1030
-1030
-1030
-1030
-1030
-1030
-1030
-1030
-1030
-1030
-1030
-1030
-1030
-1030
-1030
-1010
-1030
-1030
-1030
-1030
-1030
-1030
-1030
-1030
-1030
-1030
-1030
-1030
-1020
-1020
-1020
-1020
-1020
-1020
-1020
-1020
-1020
-1020
-1020
-1020
-1020
-1020
-1020
-1020
-1020
-1020
-1020
-1020
-1020
-1020
-1020
-1020
-1005
-1020
-1020
-1020
-1020
-1020
-1020
-1020
-1020
-1020
-1020
-1020
-1020
-1020
-1020
-1020
-1025
-1025
-1025
-1020
-1020
-1020
-1020
-1020
-1020
-1020
-1020
-1020
-1020
-1020
-1020
-1020
-1020
-1020
-1020
-1020
-1020
-1020
-1020
-1020
-1020
-1020
-1020
-1020
-1020
-1000
-1000
-1000
-1000
-1000
-1000
-1000
-1000
-1000
-995
-1000
-1000
-1000
-1000
-1000
-1000
-1000
-1000
-1000
-1000
-1000
-1000
-1000
-995
-995
-995
-995
-1000
-1000
-1000
-1000
-995
-1000
-1000
-1000
-1000
-1000
-980
-1000
-1000
-1000
-1000
-1000
-1000
-995
-1000
-1000
-1000
-1000
-1000
-1000
-1000
-1000
-1000
-1000
-1000
-1000
-995
-995
-995
-995
-1000
-985
-985
-985
-985
-1000
-1000
-1000
-1000
-1000
-1000
-1000
-1000
-1000
-1000
-1000
-1000
-1000
-985
-985
-985
-985
-985
-985
-985
-985
-985
-985
-985
-985
-985
-985
-985
-985
-985
-985
-985
-985
-985
-985
-985
-985
-985
-985
-985
-985
-985
-985
-985
-985
-985
-985
-985
-985
-985
-985
-985
-985
-985
-995
-990
-980
-980
-980
-980
-980
-980
-980
-980
-980
-980
-980
-980
-980
-980
-980
-980
-980
-980
-980
-980
-980
-980
-980
-980
-980
-980
-980
-980
-980
-975
-975
-975
-980
-980
-980
-980
-980
-980
-980
-980
-980
-980
-975
-975
-975
-980
-980
-980
-980
-980
-980
-980
-980
-980
-980
-980
-980
-980
-980
-980
-980
-980
-980
-980
-980
-980
-980
-980
-980
-980
-980
-975
-975
-975
-975
-975
-975
-975
-975
-975
-975
-975
-975
-975
-975
-975
-975
-975
-975
-975
-975
-975
-975
-975
-975
-975
-975
-975
-975
-975
-975
-975
-975
-975
-975
-975
-975
-975
-975
-975
-975
-975
-975
-975
-975
-975
-975
-975
-975
-975
-975
-975
-975
-975
-975
-975
-975
-975
-975
-975
-975
-975
-975
-975
-975
-975
-975
-975
-975
-975
-975
-975
-975
-975
-975
-975
-975
-975
-960
-975
-975
-975
-975
-975
-975
-975
-975
-975
-975
-975
-975
-975
-975
-975
-975
-975
-975
-975
-975
-975
-975
-975
-975
-975
-975
-975
-975
-975
-975
-975
-975
-975
-975
-975
-970
-975
-975
-975
-975
-975
-975
-975
-975
-975
-975
-975
-975
-975
-975
-975
-975
-975
-975
-975
-975
-975
-975
-975
-975
-975
-975
-975
-975
-975
-975
-975
-975
-975
-975
-975
-975
-975
-975
-975
-975
-975
-975
-975
-975
-975
-975
-975
-975
-975
-975
-975
-975
-975
-975
-975
-975
-975
-975
-975
-975
-975
-975
-975
-975
-975
-975
-975
-975
-975
-975
-975
-975
-975
-975
-975
-975
-975
-975
-975
-975
-975
-975
-975
-975
-975
-975
-975
-975
-975
-975
-975
-975
-975
-975
-975
-975
-975
-975
-975
-975
-975
-975
-975
-975
-975
-975
-975
-975
-975
-975
-975
-975
-975
-975
-975
-975
-975
-975
-975
-975
-975
-975
-975
-975
-975
-975
-975
-975
-975
-975
-975
-975
-975
-975
-975
-975
-975
-975
-975
-975
-975
-975
-975
-975
-975
-975
-975
-975
-975
-975
-975
-975
-975
-975
-975
-975
-975
-975
-975
-975
-975
-975
-975
-975
-975
-975
-975
-975
-975
-975
-975
-975
-975
-975
-975
-975
-975
-975
-975
-975
-975
-975
-975
-975
-975
-975
-975
-975
-975
-975
-975
-975
-975
-975
-975
-975
-975
-975
-975
-975
-975
-975
-975
-975
-975
-975
-975
-975
-975
-975
-975
-975
-975
-970
-970
-970
-970
-970
-970
-970
-970
-970
-970
-970
-970
-970
-970
-970
-970
-970
-970
-970
-970
-970
-970
-970
-970
-970
-970
-970
-970
-970
-970
-970
-970
-970
-970
-970
-970
-970
-970
-970
-970
-970
-970
-970
-970
-970
-970
-970
-970
-970
-970
-970
-970
-970
-970
-970
-970
-970
-970
-970
-970
-970
-970
-970
-970
-970
-970
-970
-970
-970
-970
-970
-970
-970
-970
-970
-970
-970
-970
-970
-970
-970
-970
-970
-970
-970
-970
-970
-970
-970
-970
-970
-970
-970
-970
-970
-970
-970
-970
-970
-970
-970
-970
-970
-970
-970
-970
-970
-970
-970
-970
-970
-970
-970
-970
-970
-970
-970
-970
-970
-970
-970
-970
-970
-970
-970
-970
-970
-970
-970
-970
-970
-970
-970
-970
-970
-970
-970
-970
-970
-970
-970
-970
-970
-970
-970
-970
-970
-970
-970
-970
-970
-970
-970
-970
-970
-970
-970
-970
-970
-970
-970
-970
-970
-970
-970
-970
-970
-970
-970
-970
-970
-970
-970
-970
-970
-970
-970
-970
-970
-970
-970
-970
-970
-970
-970
-970
-970
-970
-970
-970
-970
-970
-970
-970
-970
-970
-970
-970
-970
-970
-970
-970
-970
-970
-970
-970
-970
-970
-970
-970
-970
-970
-970
-970
-970
-970
-970
-970
-970
-970
-970
-970
-965
-965
-965
-965
-965
-965
-965
-965
-965
-965
-965
-965
-965
-965
-965
-965
-965
-965
-965
-965
-965
-965
-965
-965
-965
-965
-965
-965
-965
-965
-965
-965
-965
-965
-965
-965
-965
-965
-965
-965
-965
-965
-965
-965
-965
-965
-965
-955
-955
-955
-955
-955
-955
-955
-955
-950
-950
-955
-955
-955
-965
-965
-965
-965
-965
-965
-965
-965
-965
-965
-990
-990
-990
-1168
-1168
-1168
-1168
-1168
-1168
-1168
-1168
-1168
-1114
-1168
-1168
-1163
-1163
-1163
-1168
-1168
-1168
-1168
-1168
-1084
-1168
-1079
-965
-965
-965
-965
-1168
-1168
-1168
-1168
-1168
-1168
-1168
-1168
-1168
-1168
-1168
-1168
-1168
-1168
-1168
-1168
-1168
-1168
-1158
-1168
-1168
-1168
-990
-990
-965
-965
-965
-965
-965
-965
-965
-965
-965
-965
-965
-965
-965
-965
-965
-965
-965
-965
-965
-965
-965
-965
-965
-965
-965
-965
-965
-965
-965
-965
-965
-965
-965
-965
-965
-965
-965
-965
-965
-965
-965
-965
-965
-965
-965
-1178
-1178
-1178
-1178
-970
-970
-970
-960
-960
-960
-960
-1193
-1193
-1193
-1193
-1193
-1193
-1193
-1193
-1193
-1193
-1193
-1193
-1193
-1193
-1193
-1307
-1307
-1307
-1307
-1307
-1307
-1307
-1302
-1332
-1332
-1302
-1302
-1302
-1302
-1302
-1302
-1302
-1322
-1322
-1322
-1203
-1203
-1317
-1317
-1317
-1317
-1317
-1317
-1317
-1302
-1250
-1302
-1302
-1317
-1317
-1317
-1220
-1220
-1220
-1220
-1220
-1220
-1208
-1208
-1311
-1317
-1208
-1208
-1208
-1208
-1208
-1208
-1208
-1208
-1218
-1228
-1228
-1228
-1228
-1228
-1228
-1119
-1213
-1213
-1213
-1213
-1213
-1188
-1188
-1188
-1005
-1188
-1188
-1114
-1188
-1183
-1109
-1099
-1183
-1183
-1069
-1084
-1114
-1084
-1084
-1084
-1084
-1084
-1084
-1084
-1084
-1084
-1084
-980
-1084
-1084
-980
-980
-980
-980
-980
-980
-980
-980
-980
-980
-985
-985
-985
-985
-985
-985
-985
-985
-980
-980
-980
-980
-970
-970
-980
-980
-980
-980
-980
-980
-980
-980
-980
-980
-980
-980
-980
-980
-980
-980
-980
-980
-980
-975
-975
-980
-980
-980
-980
-980
-980
-980
-975
-980
-980
-980
-980
-975
-975
-975
-975
-975
-980
-980
-980
-980
-980
-980
-980
-980
-980
-980
-980
-980
-980
-980
-975
-975
-975
-975
-975
-975
-975
-975
-975
-975
-975
-975
-975
-965
-965
-965
-965
-965
-965
-965
-965
-965
-965
-965
-965
-965
-965
-965
-965
-950
-950
-950
-950
-950
-950
-950
-950
-950
-950
-950
-950
-950
-950
-950
-950
-950
-950
-950
-950
-950
-950
-950
-950
-950
-950
-950
-950
-950
-950
-950
-950
-950
-950
-950
-950
-950
-950
-950
-950
-950
-950
-950
-950
-950
-950
-950
-950
-950
-950
-950
-950
-950
-950
-950
-950
-950
-950
-950
-950
-950
-950
-950
-950
-950
-950
-950
-950
-950
-950
-950
-950
-950
-950
-950
-950
-950
-950
-950
-950
-950
-950
-950
-950
-950
-950
-950
-950
-950
-950
-950
-950
-950
-950
-950
-950
-950
-950
-950
-950
-950
-950
-980
-980
-980
-980
-980
-980
-980
-980
-950
-950
-950
-950
-950
-950
-950
-950
-950
-950
-950
-950
-950
-950
-950
-950
-950
-950
-950
-950
-950
-950
-950
-950
-950
-950
-950
-950
-950
-950
-950
-950
-950
-950
-950
-950
-950
-950
-950
-950
-950
-950
-950
-950
-950
-950
-950
-950
-950
-950
-950
-950
-950
-950
-950
-955
-955
-955
-950
-950
-950
-950
-950
-950
-950
-950
-950
-950
-950
-950
-950
-950
-950
-950
-950
-950
-950
-950
-950
-950
-950
-950
-950
-950
-950
-950
-950
-950
-950
-950
-950
-950
-950
-950
-950
-950
-950
-950
-950
-950
-950
-950
-950
-950
-950
-950
-950
-950
-950
-950
-950
-950
-950
-950
-950
-950
-950
-950
-950
-950
-950
-975
-950
-950
-950
-950
-950
-950
-950
-950
-950
-950
-950
-950
-950
-950
-950
-950
-950
-950
-950
-950
-950
-950
-950
-950
-950
-950
-950
-950
-950
-950
-950
-950
-950
-950
-950
-950
-950
-950
-950
-950
-950
-950
-950
-950
-950
-950
-950
-950
-950
-950
-950
-950
-950
-950
-950
-950
-950
-950
-950
-950
-950
-950
-950
-950
-950
-950
-950
-950
-950
-950
-950
-950
-950
-950
-950
-950
-950
-950
-950
-950
-950
-950
-950
-950
-950
-950
-950
-950
-950
-950
-950
-950
-950
-950
-950
-965
-950
-950
-950
-950
-950
-950
-950
-950
-950
-950
-950
-950
-950
-950
-950
-950
-950
-950
-950
-950
-950
-950
-950
-950
-950
-950
-950
-950
-950
-950
-950
-950
-950
-950
-950
-950
-950
-950
-950
-950
-950
-950
-950
-950
-950
-950
-950
-950
-950
-950
-950
-950
-950
-950
-950
-950
-950
-950
-950
-950
-950
-950
-950
-950
-950
-950
-950
-950
-950
-950
-950
-950
-950
-950
-950
-950
-950
-950
-950
-950
-950
-950
-950
-950
-950
-950
-950
-950
-950
-950
-950
-950
-950
-950
-950
-950
-950
-950
-950
-950
-950
-950
-950
-950
-950
-950
-950
-950
-950
-950
-950
-950
-950
-950
-950
-950
-950
-950
-950
-950
-950
-950
-950
-950
-950
-950
-950
-950
-950
-950
-950
-950
-950
-950
-950
-950
-950
-950
-950
-950
-950
-950
-950
-950
-950
-950
-950
-950
-950
-950
-950
-950
-950
-950
-950
-950
-950
-950
-950
-950
-950
-950
-950
-950
-950
-950
-950
-950
-950
-950
-950
-950
-950
-950
-950
-950
-950
-950
-950
-950
-950
-950
-950
-950
-950
-950
-950
-950
-950
-950
-950
-950
-950
-950
-950
-950
-950
-950
-950
-950
-950
-950
-950
-950
-950
-950
-950
-950
-950
-950
-950
-950
-950
-950
-950
-950
-950
-950
-950
-950
-950
-950
-950
-950
-950
-950
-950
-950
-950
-950
-950
-950
-950
-950
-950
-950
-950
-950
-950
-950
-950
-950
-950
-950
-950
-950
-950
-950
-950
-950
-950
-950
-950
-950
-950
-950
-950
-950
-950
-950
-950
-950
-950
-950
-950
-950
-950
-950
-950
-950
-950
-950
-950
-950
-950
-950
-950
-950
-950
-950
-950
-950
-950
-950
-950
-950
-950
-950
-950
-950
-950
-950
-950
-950
-950
-950
-950
-950
-950
-950
-950
-950
-950
-950
-950
-950
-950
-950
-950
-950
-950
-950
-950
-950
-950
-950
-950
-950
-950
-950
-950
-950
-950
-950
-950
-950
-950
-950
-950
-950
-950
-950
-950
-950
-950
-950
-950
-950
-950
-950
-950
-950
-950
-950
-950
-950
-950
-950
-950
-950
-950
-950
-950
-950
-950
-950
-950
-950
-950
-950
-950
-950
-950
-950
-950
-950
-950
-950
-950
-950
-950
-950
-950
-950
-950
-950
-950
-950
-950
-950
-950
-950
-950
-950
-950
-950
-950
-950
-950
-950
-950
-950
-950
-950
-950
-950
-950
-950
-950
-950
-950
-950
-950
-950
-950
-950
-950
-950
-950
-950
-950
-950
-950
-950
-950
-950
-950
-950
-950
-950
-950
-950
-950
-950
-950
-950
-950
-950
-950
-950
-950
-950
-950
-950
-950
-950
-950
-950
-950
-950
-950
-950
-950
-950
-950
-950
-950
-950
-950
-950
-950
-950
-950
-950
-950
-950
-950
-950
-950
-950
-950
-950
-950
-950
-950
-950
-950
-950
-950
-950
-950
-950
-950
-950
-950
-950
-1129
-1129
-1129
-1005
-1005
-1005
-1005
-1005
-1005
-1005
-1005
-1005
-990
-990
-990
-990
-990
-990
-990
-990
-990
-990
-990
-990
-990
-990
-990
-990
-990
-990
-990
-990
-990
-990
-990
-1005
-1005
-1005
-1005
-1005
-1005
-1005
-1000
-1121
-1030
-1030
-1030
-1030
-1030
-1030
-1030
-1030
-1030
-1030
-1030
-1065
-1126
-1126
-1126
-1126
-1126
-1126
-1126
-1126
-1126
-1126
-1126
-1126
-1126
-1126
-1126
-1126
-1126
-1126
-1126
-1126
-1126
-1126
-1126
-1126
-1126
-1121
-1040
-1040
-1040
-1040
-1040
-1040
-1040
-1040
-1040
-1040
-1040
-1040
-1040
-1040
-1040
-1040
-1040
-1040
-1040
-1040
-1015
-1015
-1015
-1015
-1015
-1000
-1015
-1015
-1015
-1015
-1015
-1000
-1000
-1000
-1000
-1000
-1000
-1000
-1000
-1005
-1005
-1005
-1005
-1005
-1005
-1005
-1025
-1025
-1025
-1025
-1025
-1025
-1040
-1040
-1040
-1040
-1040
-1035
-1035
-1035
-1035
-1035
-1035
-1035
-1035
-1035
-1035
-1035
-1035
-1035
-1035
-1035
-1035
-1035
-1035
-1035
-1035
-1035
-1035
-1010
-1010
-1035
-1035
-1035
-1035
-1010
-1000
-1000
-1000
-1000
-1000
-1000
-1000
-1000
-1000
-1000
-1000
-1000
-985
-985
-985
-985
-985
-985
-985
-985
-985
-985
-985
-985
-985
-985
-985
-985
-980
-985
-985
-985
-985
-985
-985
-985
-985
-985
-985
-985
-985
-985
-985
-985
-985
-985
-985
-965
-965
-965
-965
-965
-965
-965
-965
-965
-965
-965
-965
-965
-965
-965
-965
-965
-965
-965
-965
-965
-965
-965
-965
-965
-965
-965
-965
-965
-965
-965
-965
-965
-965
-965
-965
-965
-965
-965
-965
-965
-965
-965
-965
-965
-965
-965
-965
-965
-965
-965
-965
-965
-965
-965
-965
-965
-965
-965
-965
-960
-960
-960
-965
-965
-965
-960
-960
-960
-960
-960
-960
-960
-960
-960
-960
-960
-960
-960
-960
-960
-960
-960
-960
-960
-960
-960
-950
-950
-960
-960
-960
-960
-960
-960
-960
-960
-960
-960
-960
-960
-960
-960
-960
-960
-960
-960
-960
-960
-960
-960
-960
-960
-960
-960
-960
-960
-960
-960
-960
-960
-960
-960
-960
-960
-965
-965
-965
-965
-965
-965
-965
-965
-980
-980
-980
-980
-980
-980
-980
-980
-980
-980
-980
-980
-980
-980
-975
-975
-975
-975
-975
-975
-975
-975
-975
-975
-975
-975
-975
-975
-975
-975
-975
-975
-975
-975
-975
-975
-975
-975
-975
-975
-975
-975
-975
-975
-975
-975
-975
-975
-975
-975
-975
-975
-975
-975
-960
-975
-975
-975
-975
-975
-975
-975
-975
-975
-975
-975
-975
-975
-975
-975
-975
-975
-975
-975
-975
-975
-975
-975
-975
-975
-975
-945
-945
-945
-945
-975
-975
-975
-975
-975
-975
-975
-975
-975
-975
-975
-975
-975
-975
-975
-975
-975
-975
-975
-975
-975
-975
-965
-965
-965
-965
-965
-965
-965
-965
-965
-975
-965
-965
-965
-965
-965
-965
-965
-960
-965
-965
-965
-965
-965
-965
-970
-970
-970
-970
-970
-970
-965
-970
-970
-970
-970
-970
-970
-970
-970
-970
-970
-970
-970
-970
-970
-970
-970
-970
-970
-970
-970
-970
-970
-970
-970
-970
-970
-970
-970
-970
-970
-970
-970
-970
-970
-970
-970
-970
-970
-970
-970
-970
-970
-970
-970
-965
-965
-965
-965
-965
-965
-965
-965
-965
-965
-965
-965
-965
-965
-965
-965
-965
-965
-965
-945
-965
-965
-965
-965
-965
-965
-965
-965
-965
-965
-965
-965
-965
-965
-965
-965
-965
-965
-965
-965
-965
-965
-965
-965
-965
-965
-965
-965
-965
-965
-965
-965
-965
-965
-965
-965
-965
-965
-965
-965
-965
-965
-965
-965
-965
-965
-965
-965
-965
-965
-965
-965
-965
-965
-965
-1069
-1069
-965
-965
-965
-965
-965
-965
-965
-965
-965
-965
-965
-965
-965
-965
-965
-965
-965
-965
-965
-965
-965
-965
-965
-965
-965
-960
-965
-965
-965
-965
-965
-965
-965
-965
-965
-965
-965
-965
-965
-965
-965
-965
-965
-965
-965
-965
-965
-965
-965
-965
-965
-965
-965
-965
-965
-965
-965
-965
-965
-965
-965
-965
-965
-965
-965
-965
-965
-965
-965
-965
-965
-965
-965
-965
-965
-965
-965
-965
-965
-965
-965
-965
-965
-965
-965
-965
-965
-965
-965
-965
-965
-965
-965
-965
-965
-965
-965
-965
-965
-965
-965
-965
-965
-965
-965
-965
-965
-965
-965
-965
-965
-965
-965
-965
-965
-965
-965
-965
-965
-965
-965
-965
-965
-965
-965
-965
-965
-965
-965
-965
-965
-965
-965
-965
-965
-965
-965
-965
-965
-965
-965
-965
-965
-965
-965
-965
-965
-965
-965
-965
-965
-965
-965
-965
-965
-965
-965
-965
