Resultado obtenido en 13087 iteraciones.
Aptitud: -935
Mejor genotipo: [[[50],[0],[0],[0],[0]],[[100],[100],[0],[100],[100]],[[60],[60],[20],[60],[50]],[[100],[0],[0],[0],[0]],[[50],[50],[50],[50],[50]]]

Resultado obtenido en 18086 iteraciones.
Aptitud: -935
Mejor genotipo: [[[50],[0],[0],[0],[0]],[[100],[100],[0],[100],[100]],[[60],[60],[0],[60],[60]],[[100],[0],[0],[0],[0]],[[50],[50],[50],[50],[50]]]

Resultado obtenido en 12247 iteraciones.
Aptitud: -935
Mejor genotipo: [[[50],[0],[0],[0],[0]],[[100],[100],[0],[100],[100]],[[60],[60],[60],[60],[0]],[[0],[0],[0],[0],[100]],[[50],[50],[50],[50],[50]]]

Resultado obtenido en 19284 iteraciones.
Aptitud: -935
Mejor genotipo: [[[50],[0],[0],[0],[0]],[[100],[100],[0],[100],[100]],[[0],[60],[60],[60],[60]],[[0],[0],[100],[0],[0]],[[50],[50],[50],[50],[50]]]

Resultado obtenido en 11855 iteraciones.
Aptitud: -935
Mejor genotipo: [[[50],[0],[0],[0],[0]],[[100],[100],[0],[100],[100]],[[60],[60],[0],[60],[60]],[[100],[0],[0],[0],[0]],[[50],[50],[50],[50],[50]]]

Resultado obtenido en 12075 iteraciones.
Aptitud: -935
Mejor genotipo: [[[50],[0],[0],[0],[0]],[[100],[100],[0],[100],[100]],[[60],[60],[0],[60],[60]],[[100],[0],[0],[0],[0]],[[50],[50],[50],[50],[50]]]

Resultado obtenido en 15302 iteraciones.
Aptitud: -935
Mejor genotipo: [[[50],[0],[0],[0],[0]],[[100],[100],[0],[100],[100]],[[0],[60],[60],[60],[60]],[[0],[0],[100],[0],[0]],[[50],[50],[50],[50],[50]]]

Resultado obtenido en 20872 iteraciones.
Aptitud: -935
Mejor genotipo: [[[50],[0],[0],[0],[0]],[[100],[100],[0],[100],[100]],[[60],[60],[0],[60],[60]],[[100],[0],[0],[0],[0]],[[50],[50],[50],[50],[50]]]

Resultado obtenido en 11997 iteraciones.
Aptitud: -935
Mejor genotipo: [[[50],[0],[0],[0],[0]],[[100],[100],[0],[100],[100]],[[60],[60],[60],[0],[60]],[[0],[0],[100],[0],[0]],[[50],[50],[50],[50],[50]]]

Resultado obtenido en 12231 iteraciones.
Aptitud: -935
Mejor genotipo: [[[50],[0],[0],[0],[0]],[[100],[100],[0],[100],[100]],[[60],[60],[60],[0],[60]],[[0],[0],[0],[0],[100]],[[50],[50],[50],[50],[50]]]

La cantidad promedio de iteraciones fueron 14703.6 y la máxima fue de 20872
Hubieron 10 resultado(s) con el valor de aptitud -935, que fue el mas alto.
La menor cantidad de iteraciones para llegar al mejor resultado fue de 11855. El genotipo fue:
[[[50],[0],[0],[0],[0]],[[100],[100],[0],[100],[100]],[[60],[60],[0],[60],[60]],[[100],[0],[0],[0],[0]],[[50],[50],[50],[50],[50]]]
Los datos de aptitud por iteración son:
-604515
-405699
-504382
-504382
-404168
-304112
-304078
-303845
-303845
-204094
-204079
-203777
-203675
-203192
-102874
-203284
-203284
-104462
-203081
-103004
-103343
-103005
-103317
-103309
-102561
-102561
-102530
-102561
-102438
-102438
-102438
-102539
-102447
-102341
-102227
-102227
-102227
-102227
-102123
-102123
-102123
-102041
-101831
-101831
-101831
-2937
-101831
-101826
-101826
-102014
-102014
-102014
-102014
-101722
-101722
-101722
-101722
-101722
-101722
-101722
-101722
-101722
-101608
-101608
-101608
-101608
-101608
-101608
-101608
-101722
-101722
-101722
-101722
-101796
-101796
-101796
-101598
-101796
-101796
-101692
-101875
-101875
-101628
-101628
-101668
-101875
-101841
-101841
-101573
-101573
-101573
-101573
-101618
-101618
-101618
-101756
-101756
-101756
-101756
-101756
-101756
-101499
-101612
-101612
-101612
-101751
-101716
-101691
-101716
-101716
-101459
-101459
-101419
-101419
-101419
-101419
-101419
-101419
-101419
-101419
-101602
-101602
-101602
-101602
-101449
-101449
-101602
-101602
-101706
-101741
-101721
-101736
-101627
-101627
-101627
-101627
-101627
-101627
-101627
-101409
-101409
-101473
-101473
-101473
-101473
-101473
-101473
-101473
-101473
-101473
-101473
-101473
-101473
-101473
-101473
-101473
-101473
-101473
-101473
-101473
-101473
-101473
-101473
-101473
-101473
-101448
-101448
-101448
-101448
-101448
-101448
-101448
-101448
-101389
-101389
-101483
-101483
-101483
-101483
-101483
-101483
-101483
-101483
-101483
-101339
-101339
-101409
-101409
-101364
-101364
-101364
-101364
-101364
-101364
-101364
-101364
-101364
-101364
-101364
-101364
-101364
-101364
-101364
-101364
-101364
-101364
-101364
-101364
-101364
-101364
-101364
-101364
-101364
-101364
-101364
-101364
-101364
-101364
-101364
-101364
-101364
-101364
-101364
-101364
-101364
-101364
-101364
-101364
-101364
-101495
-101495
-101423
-101423
-101423
-101612
-101636
-101488
-101636
-101636
-101636
-101636
-101636
-101636
-101636
-101374
-101374
-101374
-101374
-101374
-101374
-101374
-101374
-101374
-101374
-101374
-101374
-101374
-101374
-101359
-101609
-101641
-101658
-101658
-101607
-101607
-101607
-101658
-101557
-101557
-101599
-101658
-101658
-101658
-101658
-101658
-101658
-101658
-101658
-101658
-101658
-101658
-101658
-101658
-101658
-101658
-101658
-101658
-101658
-101658
-101658
-101648
-101648
-101614
-101549
-101549
-101549
-101549
-101549
-101549
-101549
-101524
-101524
-101455
-101524
-101524
-101524
-101524
-101524
-101524
-101524
-101460
-101460
-101460
-101460
-101460
-101460
-101460
-101460
-101460
-101460
-101460
-101460
-101460
-101460
-101460
-101460
-101460
-101435
-101460
-101460
-101460
-101460
-101460
-101460
-101460
-101460
-101430
-101460
-101460
-101460
-101460
-101442
-101420
-101460
-101460
-101460
-101435
-101450
-101460
-101460
-101460
-101460
-101460
-101336
-101336
-101336
-101336
-1314
-101336
-101336
-101321
-101336
-101311
-101311
-101311
-101311
-101311
-101311
-101311
-101311
-101311
-101311
-101311
-101311
-101311
-101311
-101311
-101311
-101336
-101336
-101311
-101311
-101311
-101311
-101311
-101311
-101311
-101311
-101311
-101311
-101311
-101311
-101311
-101311
-101311
-101311
-101311
-101311
-101311
-101311
-101311
-101311
-101311
-101311
-101311
-101311
-101311
-101311
-101311
-101311
-101311
-101311
-101311
-101311
-101306
-101306
-101306
-101284
-101284
-101284
-101284
-101284
-101185
-101185
-101306
-101170
-101170
-101311
-101185
-101311
-101311
-101311
-101311
-101301
-101301
-101301
-101301
-101301
-101301
-101301
-101301
-101296
-101301
-101301
-101301
-101200
-101170
-101200
-101200
-101200
-101200
-101185
-101200
-101200
-101185
-101200
-101200
-101200
-101185
-101200
-101195
-101200
-101200
-101200
-101200
-101200
-101200
-101200
-101200
-101175
-101175
-101175
-101175
-101200
-101200
-101200
-101205
-101205
-101205
-101195
-101200
-101200
-101200
-101200
-101200
-101200
-101200
-101559
-101559
-101378
-101378
-101378
-101378
-101378
-101284
-101284
-101284
-101284
-101378
-101378
-101289
-101378
-101378
-101378
-101363
-101363
-101363
-101363
-101363
-101378
-101378
-101165
-101284
-101284
-101284
-101135
-101135
-101135
-101378
-101378
-101274
-101244
-101274
-101378
-101165
-101165
-101378
-101378
-101378
-101378
-101378
-101378
-101165
-101165
-101378
-101378
-101378
-101378
-101378
-101378
-101378
-101353
-101353
-101353
-101353
-101353
-101353
-101353
-101353
-101353
-101353
-101353
-101353
-101353
-101353
-101368
-101368
-101452
-101551
-101541
-101521
-101521
-101521
-101521
-101521
-101521
-101521
-101521
-101348
-101244
-101244
-101244
-101244
-101244
-101244
-101244
-101333
-101333
-101219
-101219
-101219
-101209
-101209
-101209
-101209
-101204
-101204
-101090
-101090
-101090
-101159
-101159
-2809
-101199
-101199
-101199
-101199
-101199
-101179
-101189
-101189
-101189
-101189
-101189
-101189
-101189
-101095
-101095
-101095
-101189
-101134
-101134
-101134
-101134
-101134
-101134
-101134
-101134
-101134
-101045
-101134
-101134
-101134
-101134
-101134
-101134
-101134
-101020
-101020
-101020
-101020
-101020
-101020
-101020
-101020
-101020
-101020
-101020
-101020
-101020
-101020
-101020
-101020
-101020
-101020
-101020
-101020
-101020
-101020
-101020
-101020
-101020
-101020
-101020
-101020
-101020
-101020
-101020
-101020
-101020
-101020
-101020
-101020
-101020
-101020
-101020
-101020
-101020
-101020
-101020
-101020
-101020
-101020
-101020
-101020
-101020
-101020
-101020
-101020
-101020
-101020
-101020
-101020
-101020
-1585
-1585
-1228
-1228
-1228
-1585
-1585
-1585
-1585
-1585
-1372
-1372
-1372
-1372
-1367
-1253
-1253
-1253
-1253
-1253
-1372
-1372
-1367
-1367
-1367
-1367
-1367
-1367
-1367
-1367
-1352
-1367
-1367
-1367
-1367
-1367
-1367
-1367
-1357
-1357
-1357
-1357
-1357
-1367
-1367
-1461
-1461
-1461
-1461
-1461
-1456
-1461
-1461
-1461
-1367
-1461
-1461
-1352
-1114
-1114
-1114
-1114
-1040
-1159
-1159
-1159
-1060
-1060
-1060
-1060
-1060
-1060
-1060
-1060
-1060
-1060
-1060
-1060
-1060
-1055
-1055
-1060
-1060
-1060
-1060
-1060
-1060
-1060
-1060
-1060
-1060
-1060
-1060
-1060
-1060
-1060
-1055
-1060
-1060
-1060
-1050
-1050
-1050
-1060
-1060
-1055
-1055
-1050
-1050
-1050
-1050
-1050
-1050
-1050
-1050
-1050
-1050
-1050
-1050
-1050
-1050
-1050
-1050
-1050
-1050
-1050
-1050
-1050
-1050
-1050
-1050
-1050
-1050
-1050
-1050
-1050
-1050
-1050
-1050
-1050
-1050
-1050
-1050
-1045
-1045
-1045
-1030
-1030
-1030
-1045
-1045
-1045
-1045
-1045
-1045
-1045
-1045
-1045
-1045
-1045
-1045
-1045
-1045
-1045
-1045
-1045
-1045
-1045
-1045
-1045
-1045
-1045
-1045
-1045
-1045
-1045
-1045
-1025
-1025
-1025
-1025
-1025
-1025
-1020
-1020
-1025
-1025
-1025
-1025
-1025
-1015
-1015
-1015
-1015
-1015
-1015
-1015
-1045
-1045
-1045
-1045
-1045
-1045
-1045
-1045
-1045
-1045
-1045
-1045
-1045
-1045
-1045
-1045
-1045
-1045
-1045
-1045
-1045
-1035
-1045
-1045
-1045
-1045
-1045
-1045
-1045
-1045
-1045
-1045
-1045
-1045
-1045
-1045
-1045
-1045
-1045
-1045
-1045
-1045
-1045
-1045
-1045
-1045
-1045
-1045
-1045
-1045
-1045
-1045
-1045
-1045
-1045
-1045
-1045
-1045
-1045
-1045
-1045
-1045
-1045
-1139
-1139
-1139
-1139
-1139
-1139
-1045
-1045
-1045
-1045
-1045
-1045
-1045
-1045
-1045
-1045
-1045
-1045
-1045
-1045
-1045
-1045
-1045
-1045
-1045
-1045
-1045
-1045
-1045
-1045
-1045
-1045
-1045
-1045
-1045
-1045
-1045
-1045
-1045
-1045
-1045
-1045
-1045
-1045
-1045
-1045
-1045
-1045
-1045
-1045
-1045
-1045
-1045
-1045
-1045
-1045
-1045
-1045
-1045
-1045
-1045
-1045
-1045
-1045
-1045
-1045
-1045
-1045
-1045
-1045
-1045
-1035
-1035
-1035
-1035
-1035
-1035
-1035
-1035
-1035
-1035
-1035
-1035
-1035
-1035
-1035
-1045
-1045
-1045
-1124
-1045
-1045
-1124
-1124
-1124
-1124
-1124
-1124
-1124
-1124
-1124
-1124
-1124
-1124
-1124
-1124
-1124
-1124
-1124
-1124
-1124
-1124
-1124
-1124
-1124
-1124
-1124
-1124
-1124
-1124
-1124
-1109
-1109
-1109
-1109
-1109
-1124
-1124
-1124
-1124
-1124
-1124
-1124
-1124
-1124
-1124
-1124
-1124
-1124
-1124
-1020
-1124
-1124
-1124
-1124
-1124
-1124
-1124
-1035
-1124
-1124
-1124
-1124
-1124
-1124
-1015
-1015
-1015
-1124
-1124
-1124
-1124
-1124
-1124
-1124
-1124
-1124
-1124
-1124
-1124
-1124
-1124
-1030
-1030
-1124
-1124
-1124
-1124
-1124
-1124
-1124
-1124
-1124
-1124
-1124
-1124
-1124
-1124
-1124
-1124
-1124
-1124
-1124
-1124
-1124
-1124
-1124
-1124
-1124
-1124
-1124
-1144
-1144
-1144
-1144
-1144
-1144
-1144
-1144
-1144
-1144
-1144
-1144
-1144
-1144
-1144
-1144
-1144
-1144
-1144
-1144
-1144
-1144
-1144
-1144
-1139
-1253
-1253
-1253
-1377
-1377
-1235
-1235
-1402
-1402
-1402
-1402
-1402
-1402
-1402
-1313
-1313
-1179
-1179
-1402
-1402
-1407
-1407
-1402
-1402
-1402
-1402
-1402
-1402
-1407
-1328
-1328
-1328
-1328
-1328
-1328
-1273
-1273
-1273
-1273
-1273
-1273
-1273
-1273
-1273
-1244
-1164
-1229
-1229
-1229
-1229
-1199
-1065
-1065
-1065
-1065
-1065
-1065
-1085
-1085
-1204
-1145
-1145
-1204
-1204
-1090
-1110
-1095
-1085
-1085
-1085
-1085
-1085
-1085
-1085
-1095
-1040
-1040
-1040
-1095
-1095
-1095
-1095
-1095
-1095
-1095
-1095
-1095
-1095
-1095
-1095
-1095
-1095
-1095
-1095
-1095
-1095
-1095
-1095
-1095
-1095
-1095
-1095
-1095
-1095
-1095
-1095
-1095
-1095
-1095
-1095
-1095
-1095
-1095
-1095
-1095
-1095
-1095
-1095
-1194
-1095
-1194
-1194
-1194
-1194
-1318
-1293
-1293
-1318
-1318
-1318
-1318
-1318
-1416
-1399
-1333
-1407
-1407
-1407
-1407
-1407
-1387
-1303
-1303
-1303
-1303
-1303
-1303
-1303
-1263
-1263
-1263
-1263
-1263
-1268
-1268
-1209
-1209
-1209
-1268
-1268
-1268
-1268
-1268
-1268
-1268
-1268
-1268
-1268
-1268
-1268
-1268
-1268
-1268
-1268
-1268
-1258
-1258
-1258
-1184
-1184
-1184
-1184
-1149
-1070
-1070
-1070
-1070
-1070
-1070
-1070
-1070
-1070
-1179
-1179
-1179
-1179
-1085
-1085
-1085
-1085
-1085
-1085
-1085
-1085
-1085
-1085
-1085
-1085
-1085
-1085
-1085
-1085
-1085
-1085
-1085
-1085
-1085
-1085
-1085
-1085
-1085
-1085
-1085
-1085
-1085
-1085
-1085
-1085
-1085
-1085
-1085
-1085
-1085
-1085
-1085
-1085
-1085
-1085
-1085
-1085
-1085
-1085
-1085
-1085
-1085
-1085
-1085
-1085
-1050
-1085
-1085
-1085
-1085
-1085
-1085
-1070
-1070
-1070
-1070
-1070
-1070
-1070
-1070
-1070
-1070
-1070
-1070
-1070
-1070
-1070
-1055
-1055
-1055
-1055
-1070
-1070
-1070
-1070
-1070
-1070
-1070
-1070
-1070
-1070
-1050
-1070
-1070
-1065
-1065
-1065
-1065
-1065
-1065
-1065
-1065
-1065
-1065
-1065
-1070
-1070
-1070
-1070
-1070
-1070
-1070
-1070
-1070
-1070
-1070
-1070
-1070
-1248
-1248
-1248
-1233
-1233
-1233
-1233
-1233
-1233
-1144
-1144
-1208
-1208
-1208
-1208
-1208
-1208
-1208
-1208
-1223
-1104
-1099
-1045
-1104
-1104
-1104
-1099
-1099
-1099
-1099
-1099
-1099
-1104
-1104
-1104
-1104
-1104
-1104
-1445
-1436
-1445
-1451
-1451
-1451
-1451
-1466
-1466
-1466
-1466
-1471
-1471
-1471
-1317
-1471
-1471
-1357
-1357
-1471
-1456
-1471
-1471
-1426
-1426
-1426
-1426
-1426
-1426
-1119
-1119
-1119
-1119
-1119
-1119
-1119
-1119
-1119
-1119
-1119
-1119
-1119
-1119
-1119
-1119
-1119
-1139
-1119
-1119
-1139
-1139
-1139
-1139
-1139
-1139
-1114
-1114
-1114
-1114
-1089
-1089
-1089
-1089
-1089
-1089
-1079
-1079
-1079
-1079
-1079
-1079
-1079
-1079
-1079
-1079
-1079
-1079
-1079
-1079
-1079
-1079
-1079
-1079
-1079
-1079
-1079
-1079
-1079
-1079
-1079
-1079
-1079
-1079
-1079
-1079
-1079
-1079
-1079
-1079
-1079
-1079
-1079
-1079
-1074
-1079
-1079
-1074
-1074
-1074
-1074
-1074
-1074
-1074
-1074
-1074
-1074
-1074
-1074
-1074
-1074
-1074
-1074
-1074
-1074
-1074
-1074
-1074
-1074
-1074
-1074
-1074
-1074
-1074
-1074
-1074
-1074
-1074
-1061
-1074
-1074
-1059
-1059
-1059
-1059
-1059
-1059
-1059
-1059
-1059
-1059
-1074
-1074
-1074
-1074
-1074
-1074
-1074
-1074
-1074
-1074
-1074
-1074
-1074
-1074
-1074
-1074
-1074
-1071
-1071
-1071
-1071
-1071
-1071
-1071
-1071
-1071
-1071
-1071
-1071
-1071
-1071
-1071
-990
-990
-1071
-1071
-1071
-1071
-1071
-1071
-1071
-1071
-1071
-1071
-1071
-1071
-1071
-1071
-1071
-1071
-1071
-1071
-1071
-1071
-1071
-1071
-1071
-1071
-1071
-1071
-1071
-1071
-1071
-1071
-1071
-1071
-1071
-1071
-1071
-1071
-1071
-1071
-1071
-1071
-1071
-1071
-1071
-1071
-1071
-1071
-1071
-1071
-1071
-1071
-1071
-1071
-1071
-1071
-1071
-1071
-1071
-1071
-1071
-1071
-1071
-1071
-1071
-1071
-1071
-1071
-1051
-1051
-1071
-1071
-1071
-1036
-1036
-1036
-1036
-1071
-1071
-1071
-1071
-1071
-1071
-1071
-1071
-1071
-1071
-1071
-1071
-1071
-1071
-1071
-1071
-1071
-1071
-1071
-1030
-1030
-990
-990
-950
-950
-950
-950
-940
-940
-940
-940
-940
-940
-940
-940
-940
-940
-940
-940
-940
-940
-940
-940
-940
-940
-940
-940
-940
-940
-940
-940
-940
-940
-940
-940
-940
-940
-940
-940
-940
-940
-940
-940
-940
-940
-940
-940
-940
-940
-940
-940
-940
-940
-940
-940
-940
-940
-935
-935
-935
-935
-935
-935
-935
-935
-935
-935
-935
-935
-935
-935
-935
-935
-935
-935
-935
-935
-935
-935
-935
-935
-935
-935
-935
-935
-935
-935
-935
-935
-935
-935
-935
-935
-935
-935
-935
-935
-935
-935
-935
-935
-935
-935
-935
-935
-935
-935
-935
-935
-935
-935
-935
-935
-935
-935
-935
-935
-935
-935
-935
-935
-935
-935
-935
-935
-935
-935
-935
-935
-935
-935
-935
-935
-935
-935
-935
-935
-935
-935
-935
-935
-935
-935
-935
-935
-935
-935
-935
-935
-935
-935
-935
-935
-935
-935
-935
-935
-935
-935
-935
-935
-935
-935
-935
-935
-935
-935
-935
-935
-935
-935
-935
-935
-935
-935
-935
-935
-935
-935
-935
-935
-935
-935
-935
-1163
-1163
-1163
-1163
-1163
-1158
-1158
-1158
-1158
-955
-1158
-1158
-970
-970
-970
-950
-955
-955
-955
-935
-935
-935
-935
-935
-935
-935
-950
-950
-950
-950
-950
-950
-950
-950
-950
-950
-950
-950
-950
-950
-950
-950
-950
-950
-950
-950
-950
-950
-950
-950
-950
-950
-935
-935
-935
-935
-950
-950
-950
-950
-965
-965
-965
-955
-965
-950
-950
-950
-950
-950
-950
-950
-950
-950
-950
-950
-950
-950
-950
-950
-950
-950
-950
-935
-950
-950
-950
-950
-950
-950
-950
-950
-950
-935
-935
-935
-935
-935
-935
-935
-935
-935
-945
-945
-945
-935
-935
-945
-945
-945
-945
-945
-945
-935
-935
-935
-935
-935
-935
-935
-935
-935
-935
-935
-935
-935
-935
-935
-935
-935
-935
-935
-935
-935
-935
-935
-935
-935
-935
-935
-935
-935
-935
-935
-935
-935
-935
-935
-935
-935
-935
-935
-935
-935
-935
-935
-935
-935
-935
-935
-935
-935
-935
-935
-935
-935
-935
-935
-935
-935
-935
-935
-935
-935
-935
-935
-935
-935
-935
-935
-935
-935
-935
-935
-935
-935
-935
-935
-935
-935
-935
-935
-935
-935
-935
-935
-935
-935
-935
-935
-935
-935
-935
-935
-935
-935
-935
-935
-935
-935
-935
-935
-935
-935
-935
-935
-935
-935
-935
-935
-935
-935
-935
-935
-935
-935
-935
-935
-935
-935
-935
-935
-935
-935
-935
-935
-935
-935
-935
-935
-935
-935
-935
-935
-935
-935
-935
-935
-935
-935
-935
-935
-935
-935
-935
-935
-935
-935
-935
-935
-935
-935
-935
-935
-935
-935
-935
-935
-935
-935
-935
-935
-935
-935
-935
-935
-935
-935
-935
-935
-935
-935
-935
-955
-955
-955
-955
-955
-955
-955
-955
-955
-955
-955
-955
-955
-955
-955
-935
-950
-950
-950
-955
-955
-955
-955
-955
-955
-955
-955
-955
-935
-935
-955
-955
-955
-955
-955
-955
-955
-955
-955
-955
-955
-955
-935
-935
-935
-935
-935
-935
-935
-935
-935
-935
-935
-935
-935
-935
-935
-935
-935
-935
-935
-935
-935
-935
-935
-935
-935
-935
-935
-950
-950
-950
-950
-950
-950
-950
-950
-950
-950
-950
-950
-950
-950
-950
-950
-950
-950
-950
-950
-950
-950
-950
-950
-950
-950
-935
-935
-935
-935
-935
-935
-935
-935
-935
-935
-935
-935
-935
-935
-935
-935
-935
-935
-935
-935
-935
-935
-935
-935
-935
-935
-935
-935
-935
-935
-935
-935
-935
-935
-935
-935
-935
-935
-935
-935
-935
-935
-935
-935
-935
-935
-935
-935
-935
-935
-935
-935
-935
-935
-935
-935
-935
-935
-935
-935
-935
-935
-935
-935
-935
-935
-935
-935
-935
-935
-935
-935
-935
-935
-935
-935
-935
-935
-935
-935
-935
-935
-935
-935
-935
-935
-935
-935
-935
-935
-935
-935
-935
-935
-935
-935
-935
-935
-935
-950
-950
-950
-950
-1054
-1054
-1054
-1054
-1054
-1054
-1054
-1054
-1054
-1054
-1054
-1054
-1049
-1054
-1054
-1054
-1054
-1054
-1054
-1054
-1054
-1054
-1054
-1054
-1054
-1054
-1054
-1054
-1054
-1054
-1054
-1054
-1054
-1054
-1054
-955
-1054
-1054
-1054
-1054
-1054
-1054
-1054
-1054
-1054
-1054
-1054
-1054
-985
-985
-985
-970
-1054
-1054
-1054
-1054
-1054
-1054
-1054
-1054
-1054
-945
-1054
-1054
-1054
-1054
-1054
-1054
-1054
-1049
-1054
-1054
-1054
-1054
-1054
-1054
-1049
-1054
-1054
-1054
-1054
-1054
-1054
-1054
-1054
-1054
-1054
-1054
-1054
-1054
-1054
-1054
-1054
-1054
-1054
-1054
-1054
-1054
-1054
-1054
-1054
-1054
-1054
-1054
-1054
-1054
-955
-955
-955
-955
-955
-955
-955
-955
-955
-955
-955
-955
-955
-955
-955
-955
-955
-955
-955
-955
-955
-955
-955
-940
-940
-940
-940
-955
-955
-955
-955
-955
-955
-955
-955
-955
-955
-955
-955
-955
-955
-955
-955
-955
-955
-955
-955
-1079
-1079
-1079
-1079
-1079
-1079
-1079
-1079
-1079
-1079
-1079
-1074
-1074
-1074
-1074
-1074
-1074
-1074
-1074
-1074
-1074
-1074
-1074
-1074
-1074
-1069
-1074
-1074
-1074
-1074
-1074
-990
-995
-995
-1074
-1074
-1074
-1074
-1074
-1074
-1074
-1074
-1074
-1074
-1074
-1074
-1074
-1074
-1074
-1074
-1064
-1064
-1074
-1074
-1074
-1074
-1074
-1074
-1074
-1074
-1074
-1074
-1074
-1074
-1074
-1074
-1074
-1074
-1074
-1074
-1074
-1074
-1074
-1074
-980
-980
-980
-980
-980
-980
-980
-980
-980
-980
-980
-980
-980
-980
-980
-980
-980
-980
-980
-980
-980
-980
-980
-980
-980
-980
-980
-980
-980
-980
-980
-980
-980
-980
-980
-980
-980
-980
-980
-980
-980
-980
-980
-980
-980
-980
-980
-980
-980
-980
-980
-980
-980
-980
-980
-980
-980
-980
-980
-980
-980
-980
-980
-980
-980
-980
-980
-980
-980
-980
-980
-980
-980
-980
-980
-980
-980
-980
-980
-980
-980
-980
-980
-980
-980
-980
-980
-980
-980
-980
-980
-980
-980
-980
-975
-975
-970
-975
-975
-975
-975
-975
-975
-975
-975
-975
-975
-1084
-985
-985
-985
-985
-985
-1183
-1183
-1183
-1183
-1183
-1183
-1183
-1183
-1183
-1203
-1203
-1203
-1203
-1203
-1208
-1208
-1309
-1309
-1213
-1309
-1309
-1309
-1309
-1149
-1149
-1149
-1149
-1309
-1208
-1208
-1183
-1106
-1106
-1106
-1106
-1106
-1106
-1106
-1106
-1106
-1106
-1200
-1200
-1200
-1200
-1200
-1200
-1114
-1114
-1094
-1094
-1094
-1094
-1114
-1114
-1114
-1114
-1094
-1094
-1094
-1094
-1094
-1094
-1094
-1094
-1094
-1094
-1094
-1094
-1094
-1094
-1094
-1094
-1094
-1094
-1094
-1094
-1094
-1094
-1094
-1094
-1094
-1094
-1094
-1094
-1094
-1094
-1094
-975
-975
-975
-975
-975
-975
-975
-975
-975
-975
-975
-975
-975
-975
-975
-975
-975
-975
-975
-975
-975
-975
-975
-975
-975
-975
-975
-970
-975
-975
-975
-975
-975
-975
-975
-975
-975
-950
-975
-975
-935
-935
-935
-935
-935
-935
-965
-975
-975
-975
-975
-975
-960
-960
-975
-960
-960
-960
-960
-960
-955
-955
-955
-955
-955
-955
-955
-955
-955
-955
-955
-955
-955
-955
-955
-955
-955
-955
-960
-960
-955
-960
-960
-960
-960
-960
-960
-960
-960
-960
-960
-960
-960
-960
-960
-960
-960
-935
-935
-935
-960
-960
-960
-935
-935
-935
-935
-935
-960
-960
-960
-960
-960
-960
-960
-960
-965
-940
-940
-940
-935
-935
-935
-940
-940
-940
-940
-940
-940
-940
-960
-960
-955
-955
-955
-955
-955
-955
-955
-955
-955
-955
-955
-955
-955
-955
-955
-955
-955
-955
-955
-955
-960
-960
-960
-960
-960
-960
-960
-960
-940
-940
-940
-940
-940
-940
-940
-940
-940
-940
-940
-940
-940
-935
-940
-940
-940
-940
-940
-940
-940
-940
-940
-940
-940
-940
-940
-940
-940
-940
-940
-940
-940
-940
-940
-940
-940
-940
-940
-940
-940
-940
-940
-940
-940
-940
-940
-940
-935
-935
-935
-935
-935
-935
-935
-940
-940
-940
-940
-935
-935
-935
-940
-940
-940
-940
-940
-940
-940
-940
-940
-940
-940
-940
-940
-940
-940
-940
-940
-940
-940
-940
-940
-940
-940
-940
-940
-940
-940
-940
-940
-940
-940
-940
-940
-940
-940
-940
-940
-940
-940
-940
-940
-940
-935
-935
-940
-940
-940
-940
-940
-940
-940
-940
-940
-940
-940
-940
-940
-940
-940
-940
-940
-940
-940
-940
-940
-940
-940
-940
-940
-940
-940
-940
-940
-940
-940
-940
-940
-940
-940
-940
-940
-940
-940
-940
-940
-940
-940
-940
-940
-940
-940
-940
-940
-940
-940
-940
-940
-940
-940
-940
-940
-940
-940
-940
-940
-940
-940
-940
-940
-940
-940
-940
-940
-940
-935
-940
-940
-940
-940
-940
-935
-935
-935
-935
-935
-935
-935
-935
-935
-935
-935
-935
-935
-935
-935
-935
-935
-935
-935
-935
-935
-935
-935
-935
-935
-935
-935
-935
-935
-935
-935
-935
-935
-935
-935
-935
-935
-935
-935
-935
-935
-935
-935
-935
-935
-935
-935
-935
-935
-935
-935
-935
-935
-935
-935
-935
-935
-935
-935
-935
-935
-935
-935
-935
-935
-935
-935
-935
-935
-935
-935
-935
-935
-935
-935
-935
-935
-935
-935
-935
-935
-935
-935
-935
-935
-935
-935
-935
-935
-935
-935
-935
-935
-935
-935
-935
-935
-935
-935
-935
-935
-935
-935
-935
-935
-935
-935
-935
-935
-935
-935
-935
-935
-935
-935
-935
-935
-935
-935
-935
-935
-935
-935
-935
-935
-935
-935
-935
-935
-935
-935
-935
-935
-935
-935
-935
-935
-935
-935
-935
-935
-935
-935
-935
-935
-935
-935
-935
-935
-935
-935
-935
-935
-935
-935
-970
-970
-970
-935
-970
-970
-970
-970
-970
-970
-970
-970
-970
-970
-970
-935
-935
-935
-970
-970
-970
-970
-970
-970
-970
-970
-970
-970
-970
-970
-970
-970
-970
-970
-970
-970
-970
-970
-970
-970
-970
-970
-970
-970
-970
-970
-970
-970
-970
-970
-970
-970
-970
-970
-935
-935
-935
-935
-935
-935
-935
-935
-935
-935
-935
-935
-935
-935
-935
-935
-935
-935
-935
-935
-935
-935
-935
-970
-970
-970
-970
-935
-935
-935
-935
-935
-935
-935
-935
-935
-935
-935
-935
-935
-940
-940
-940
-935
-940
-935
-935
-935
-935
-935
-935
-935
-935
-935
-935
-935
-935
-935
-935
-935
-935
-935
-935
-935
-935
-935
-935
-935
-935
-935
-935
-935
-935
-935
-935
-935
-935
-935
-935
-935
-935
-935
-935
-935
-935
-935
-935
-935
-935
-935
-935
-935
-935
-935
-935
-935
-935
-935
-935
-935
-935
-935
-935
-935
-935
-935
-935
-935
-935
-935
-935
-935
-935
-935
-935
-935
-935
-935
-935
-935
-935
-935
-935
-1049
-1049
-1049
-1049
-1049
-1049
-1049
-1049
-1049
-1049
-1049
-1049
-1049
-935
-1049
-1049
-1049
-1049
-965
-965
-965
-965
-935
-935
-935
-935
-935
-935
-935
-935
-935
-935
-935
-935
-935
-935
-935
-935
-935
-935
-935
-935
-935
-935
-935
-935
-935
-935
-935
-935
-935
-935
-935
-935
-935
-935
-935
-935
-935
-935
-935
-935
-935
-935
-935
-935
-935
-935
-935
-935
-935
-935
-935
-935
-935
-935
-935
-935
-935
-935
-935
-935
-935
-935
-935
-935
-935
-935
-935
-935
-935
-935
-935
-935
-935
-935
-935
-935
-935
-935
-935
-935
-935
-935
-935
-935
-935
-935
-935
-935
-935
-935
-935
-935
-935
-935
-935
-935
-935
-935
-935
-935
-935
-935
-935
-935
-935
-935
-935
-935
-935
-935
-935
-935
-935
-935
-935
-935
-935
-935
-935
-935
-935
-935
-935
-935
-935
-935
-935
-935
-935
-935
-1056
-1056
-1056
-935
-935
-935
-935
-940
-1056
-1056
-1056
-1056
-1056
-1056
-1056
-1056
-1056
-1056
-945
-945
-935
-935
-945
-935
-935
-935
-935
-935
-935
-935
-935
-935
-935
-935
-935
-935
-935
-935
-935
-935
-935
-935
-935
-935
-935
-945
-945
-945
-945
-945
-945
-945
-945
-945
-945
-945
-945
-945
-945
-945
-945
-945
-945
-945
-945
-945
-945
-945
-945
-945
-945
-945
-945
-945
-945
-945
-945
-945
-945
-945
-945
-945
-945
-945
-945
-945
-945
-945
-945
-945
-945
-945
-945
-945
-950
-940
-940
-940
-935
-935
-940
-940
-940
-940
-940
-940
-940
-940
-940
-940
-935
-935
-935
-935
-935
-940
-940
-940
-940
-940
-940
-940
-940
-940
-940
-940
-935
-940
-940
-940
-940
-940
-940
-940
-940
-940
-940
-940
-940
-940
-940
-940
-940
-940
-940
-960
-960
-960
-960
-960
-960
-960
-960
-960
-960
-960
-955
-955
-955
-955
-955
-955
-955
-955
-955
-955
-955
-955
-955
-955
-955
-955
-955
-955
-955
-955
-955
-955
-955
-955
-955
-955
-955
-955
-955
-955
-955
-955
-955
-955
-955
-955
-955
-955
-955
-955
-955
-955
-955
-955
-955
-955
-955
-955
-955
-955
-955
-955
-955
-955
-955
-955
-955
-955
-955
-955
-955
-955
-955
-955
-955
-955
-955
-955
-955
-955
-955
-955
-955
-955
-955
-955
-945
-955
-955
-955
-955
-955
-955
-955
-955
-935
-935
-935
-935
-935
-935
-935
-935
-935
-935
-935
-935
-935
-935
-935
-935
-935
-935
-935
-935
-935
-935
-935
-935
-935
-935
-935
-935
-935
-935
-935
-935
-935
-935
-935
-935
-935
-935
-935
-935
-935
-935
-935
-935
-935
-935
-935
-935
-935
-935
-935
-935
-935
-935
-935
-935
-935
-935
-935
-935
-935
-935
-935
-935
-935
-935
-935
-935
-935
-935
-935
-935
-935
-935
-935
-935
-935
-935
-935
-935
-935
-935
-935
-935
-935
-935
-935
-935
-935
-935
-935
-935
-935
-935
-935
-935
-935
-935
-935
-935
-935
-935
-935
-935
-935
-935
-935
-935
-935
-935
-935
-935
-935
-935
-935
-935
-935
-935
-935
-950
-950
-950
-950
-950
-950
-950
-950
-950
-950
-950
-935
-950
-950
-950
-950
-950
-950
-950
-950
-950
-950
-950
-950
-950
-950
-950
-950
-950
-950
-950
-950
-950
-945
-945
-945
-935
-935
-935
-935
-935
-935
-945
-945
-935
-945
-950
-950
-950
-950
-950
-950
-950
-950
-950
-950
-935
-935
-935
-935
-945
-945
-945
-945
-935
-935
-935
-935
-935
-935
-935
-935
-935
-935
-935
-935
-935
-935
-935
-935
-935
-935
-935
-935
-935
-935
-935
-935
-935
-935
-935
-935
-935
-935
-935
-1039
-935
-935
-935
-1039
-1039
-1039
-1039
-1039
-940
-1039
-1039
-1039
-1039
-1039
-1039
-1039
-1039
-1039
-1039
-970
-970
-1039
-1039
-1039
-1039
-1039
-1039
-1039
-1039
-1039
-1039
-1039
-955
-955
-955
-955
-1039
-1039
-975
-975
-975
-970
-970
-970
-970
-970
-970
-945
-970
-945
-945
-945
-945
-940
-940
-940
-940
-940
-940
-940
-940
-940
-940
-940
-940
-940
-945
-945
-1168
-1168
-1143
-1143
-965
-1143
-1143
-1143
-1148
-1148
-1148
-1148
-1148
-1148
-1148
-1143
-1148
-1148
-1148
-965
-1005
-1005
-960
-945
-945
-945
-960
-960
-960
-960
-960
-960
-960
-960
-960
-960
-960
-960
-960
-960
-960
-960
-960
-955
-955
-955
-955
-955
-955
-955
-955
-955
-955
-955
-935
-935
-935
-935
-955
-950
-935
-950
-950
-950
-955
-955
-955
-955
-955
-955
-955
-955
-955
-955
-955
-955
-955
-955
-955
-955
-960
-960
-960
-960
-960
-960
-1066
-1000
-955
-955
-955
-955
-955
-955
-955
-955
-955
-955
-955
-955
-955
-955
-955
-1071
-980
-980
-970
-970
-970
-970
-960
-960
-960
-970
-970
-970
-970
-970
-970
-960
-970
-970
-960
-960
-960
-960
-970
-960
-960
-960
-970
-970
-970
-960
-960
-960
-960
-960
-960
-970
-970
-970
-970
-970
-970
-970
-970
-970
-970
-965
-965
-950
-950
-950
-950
-950
-950
-950
-950
-950
-970
-970
-965
-945
-945
-945
-945
-945
-945
-945
-945
-945
-945
-945
-945
-945
-945
-945
-945
-945
-945
-945
-945
-945
-945
-945
-945
-945
-945
-945
-945
-945
-945
-945
-945
-945
-945
-945
-945
-945
-945
-945
-945
-945
-945
-945
-945
-935
-935
-935
-935
-935
-935
-935
-935
-935
-935
-935
-935
-935
-935
-935
-935
-935
-935
-935
-935
-935
-935
-935
-935
-935
-935
-935
-935
-935
-935
-935
-935
-935
-935
-935
-935
-935
-935
-935
-935
-935
-945
-945
-945
-945
-935
-935
-935
-935
-945
-945
-945
-945
-945
-945
-945
-940
-940
-940
-940
-940
-940
-940
-940
-940
-940
-940
-940
-940
-940
-940
-940
-940
-940
-940
-940
-940
-940
-940
-940
-940
-940
-940
-935
-940
-940
-940
-940
-940
-940
-940
-940
-940
-940
-940
-940
-940
-940
-940
-940
-940
-940
-935
-935
-935
-940
-940
-940
-940
-940
-940
-940
-940
-940
-940
-940
-940
-940
-940
-940
-940
-940
-940
-940
-940
-940
-940
-940
-940
-940
-940
-940
-940
-940
-940
-940
-940
-940
-940
-940
-940
-940
-940
-935
-935
-935
-935
-935
-935
-935
-935
-935
-940
-940
-940
-940
-940
-940
-940
-940
-940
-940
-940
-940
-940
-940
-940
-940
-940
-940
-940
-935
-935
-935
-935
-935
-935
-935
-935
-935
-935
-935
-935
-935
-940
-940
-940
-935
-935
-935
-935
-935
-935
-935
-935
-935
-935
-935
-935
-935
-935
-935
-935
-940
-940
-940
-940
-940
-940
-940
-940
-940
-940
-940
-940
-940
-940
-935
-940
-940
-940
-940
-940
-945
-945
-945
-940
-945
-945
-940
-940
-940
-940
-940
-940
-940
-940
-935
-935
-940
-940
-945
-945
-945
-945
-945
-1049
-1049
-1076
-1071
-940
-940
-940
-940
-940
-940
-940
-1071
-1071
-1071
-1071
-1071
-940
-1071
-1071
-1071
-1071
-1071
-1071
-1071
-1071
-1071
-1066
-1066
-1066
-1066
-1066
-1066
-1066
-1066
-1066
-1066
-1066
-1066
-1066
-1066
-1066
-1066
-1066
-1066
-1051
-1066
-1066
-1066
-1066
-1066
-1039
-1066
-1066
-970
-970
-970
-935
-935
-935
-935
-960
-960
-960
-960
-960
-960
-960
-960
-960
-960
-960
-960
-1066
-1066
-1066
-1066
-1066
-1066
-1066
-985
-985
-985
-985
-985
-985
-985
-985
-1054
-1054
-1054
-975
-975
-975
-975
-975
-1066
-935
-935
-1066
-1066
-1066
-1066
-1066
-1066
-1066
-1066
-1066
-1066
-1066
-1066
-1066
-1066
-1066
-1066
-1066
-935
-935
-1066
-1066
-1066
-1066
-1066
-935
-1066
-1066
-1066
-1066
-1066
-1066
-1066
-1066
-1066
-1066
-1066
-1066
-1049
-1049
-1049
-1049
-1066
-1066
-1066
-1066
-1061
-1061
-1041
-1041
-1041
-1036
-1041
-935
-935
-1041
-940
-940
-940
-940
-940
-940
-940
-940
-940
-940
-940
-940
-940
-940
-940
-940
-940
-940
-940
-940
-940
-940
-940
-940
-940
-1041
-1041
-1041
-1041
-1041
-1041
-1041
-1041
-1041
-1041
-1041
-1041
-1041
-1041
-1041
-1041
-1041
-1041
-1041
-1041
-1041
-950
-950
-950
-950
-950
-950
-950
-950
-950
-950
-950
-950
-950
-950
-950
-950
-950
-950
-950
-950
-950
-950
-950
-950
-950
-950
-950
-950
-950
-950
-950
-950
-950
-950
-950
-950
-950
-950
-950
-950
-950
-950
-950
-950
-940
-940
-940
-940
-950
-950
-950
-950
-950
-950
-950
-950
-950
-950
-950
-950
-950
-950
-950
-950
-950
-950
-950
-950
-950
-950
-950
-950
-950
-950
-950
-950
-950
-950
-950
-950
-950
-950
-950
-950
-950
-950
-950
-950
-950
-950
-950
-950
-950
-950
-950
-950
-950
-950
-950
-950
-950
-955
-955
-955
-955
-955
-955
-955
-955
-955
-955
-955
-955
-955
-955
-955
-955
-955
-955
-955
-955
-955
-955
-955
-955
-955
-955
-955
-955
-955
-955
-955
-955
-955
-955
-955
-955
-955
-955
-955
-955
-955
-955
-955
-955
-955
-955
-955
-955
-955
-955
-955
-955
-955
-955
-955
-955
-955
-955
-955
-955
-955
-955
-955
-955
-955
-955
-955
-945
-945
-955
-955
-960
-960
-960
-960
-960
-960
-960
-960
-960
-960
-960
-960
-955
-955
-955
-955
-955
-955
-955
-955
-955
-945
-945
-945
-945
-945
-945
-945
-945
-945
-945
-945
-940
-945
-945
-945
-945
-945
-945
-945
-945
-945
-945
-945
-945
-945
-945
-945
-945
-945
-945
-945
-945
-945
-945
-945
-945
-945
-945
-945
-945
-945
-945
-945
-945
-945
-945
-945
-945
-945
-945
-945
-945
-945
-945
-945
-945
-945
-945
-945
-945
-945
-945
-945
-945
-945
-945
-945
-945
-945
-945
-945
-945
-945
-945
-945
-945
-945
-945
-945
-945
-945
-945
-945
-945
-945
-945
-945
-945
-945
-945
-945
-945
-945
-945
-945
-945
-945
-945
-945
-945
-945
-945
-945
-945
-945
-945
-945
-945
-945
-1287
-1197
-1197
-1197
-1197
-1197
-1183
-1183
-1183
-1183
-1183
-1064
-1064
-1064
-1208
-1104
-1104
-1104
-1104
-1104
-1104
-1104
-1104
-1104
-1104
-1104
-1104
-1094
-1094
-1094
-1094
-1084
-1094
-1094
-1094
-1094
-1094
-1094
-1094
-1094
-1094
-1094
-1094
-1094
-1091
-1035
-1035
-1035
-1094
-1094
-1094
-1094
-1094
-1094
-1094
-1094
-1094
-1094
-1094
-1094
-1094
-1094
-1104
-1104
-1104
-1104
-1104
-1104
-1104
-1104
-1104
-1104
-1104
-1104
-1094
-1094
-1094
-1094
-1094
-980
-980
-980
-985
-985
-985
-985
-985
-985
-985
-975
-975
-975
-975
-975
-975
-975
-975
-975
-975
-975
-985
-985
-985
-950
-950
-950
-950
-950
-950
-955
-955
-955
-955
-955
-955
-950
-950
-955
-955
-955
-955
-955
-955
-955
-955
-955
-955
-955
-955
-955
-955
-955
-955
-955
-955
-955
-935
-955
-955
-950
-955
-955
-955
-955
-990
-1173
-1173
-1173
-955
-955
-955
-955
-955
-955
-955
-1173
-1173
-1173
-1173
-1173
-1173
-1173
-1173
-1183
-1173
-1173
-1183
-1104
-1173
-1173
-1173
-1173
-1173
-1173
-1173
-1173
-1213
-1213
-1213
-1168
-1168
-1213
-1277
-1277
-1277
-1282
-1282
-1275
-990
-990
-990
-990
-990
-980
-990
-985
-990
-990
-990
-990
-990
-990
-990
-990
-990
-990
-990
-990
-990
-990
-990
-990
-985
-985
-985
-985
-985
-985
-985
-985
-990
-1084
-1084
-1084
-1084
-1084
-1084
-1084
-980
-980
-980
-980
-980
-980
-980
-975
-975
-970
-970
-975
-975
-975
-975
-975
-975
-975
-975
-975
-975
-975
-1079
-1079
-1079
-1079
-1079
-975
-975
-980
-980
-980
-980
-980
-980
-980
-980
-980
-980
-980
-980
-980
-980
-980
-980
-980
-980
-980
-980
-980
-980
-980
-980
-980
-980
-980
-980
-980
-980
-980
-980
-980
-980
-980
-980
-980
-980
-980
-980
-980
-980
-980
-980
-980
-980
-980
-980
-980
-980
-980
-970
-970
-980
-980
-980
-980
-980
-980
-980
-980
-980
-980
-980
-980
-980
-980
-980
-980
-980
-1066
-1066
-1066
-1066
-1084
-1079
-1173
-1173
-1173
-1173
-1173
-1173
-1084
-1094
-1094
-1094
-1094
-1094
-1139
-1139
-1139
-1139
-1094
-1094
-1094
-1094
-1094
-1094
-1094
-1094
-1094
-1094
-1094
-1396
-1213
-1134
-1134
-1134
-1134
-1134
-1035
-1035
-1035
-1035
-1114
-1134
-1129
-1129
-1129
-1129
-1139
-1139
-1218
-1218
-1218
-1218
-1218
-1094
-1218
-1218
-1218
-1193
-1193
-1198
-1094
-1198
-1198
-1198
-1198
-1198
-1198
-1198
-1297
-1297
-1297
-1297
-1297
-1297
-1292
-1292
-1297
-1297
-1277
-1277
-1015
-1015
-1015
-1015
-1015
-1015
-1015
-1015
-1015
-1015
-1005
-1005
-1015
-1297
-1282
-1282
-1302
-1297
-1297
-1297
-1188
-1000
-1000
-1292
-995
-995
-995
-995
-995
-995
-995
-995
-995
-995
-995
-995
-995
-995
-995
-995
-995
-995
-985
-985
-985
-1203
-1203
-1203
-985
-985
-985
-1203
-1203
-1203
-1203
-1203
-1193
-1193
-1193
-1193
-1193
-1193
-1193
-1193
-985
-985
-985
-985
-985
-985
-985
-985
-985
-985
-985
-985
-985
-985
-985
-985
-985
-985
-985
-985
-985
-985
-985
-985
-985
-985
-985
-985
-985
-985
-985
-985
-975
-975
-1084
-1084
-995
-1084
-1084
-1084
-1084
-1084
-1084
-1084
-1084
-1084
-1084
-1084
-1084
-1074
-1084
-1084
-1084
-1084
-1084
-1084
-1084
-1084
-1084
-1084
-1084
-1084
-1084
-1084
-1084
-1084
-1079
-1084
-1084
-1084
-1010
-1010
-1010
-1010
-970
-970
-970
-1010
-1010
-1010
-1010
-1084
-1084
-1084
-1084
-1084
-1084
-1084
-1084
-1084
-1084
-1084
-1084
-1020
-1020
-1020
-1020
-1020
-1020
-1020
-1020
-1020
-1020
-1020
-1000
-1020
-1020
-1020
-1020
-1020
-1020
-1020
-1020
-1020
-1020
-1020
-1000
-1000
-1000
-1020
-1149
-1149
-1150
-1150
-1317
-1317
-1317
-1317
-1317
-1134
-1317
-1317
-1317
-1094
-1317
-1317
-1000
-1000
-1000
-1000
-1000
-1317
-1307
-1307
-1307
-1317
-1317
-1317
-1317
-1317
-1317
-1129
-1208
-1208
-1317
-1317
-1317
-1317
-1317
-1317
-1000
-1000
-1000
-1000
-1025
-1317
-1317
-1317
-1317
-1317
-1317
-1317
-1317
-1317
-1317
-1317
-1317
-1317
-1317
-1317
-1317
-1332
-1332
-1332
-1332
-1332
-1327
-1332
-1055
-1055
-1055
-1055
-1050
-1080
-1080
-1055
-1080
-1080
-1050
-1080
-1080
-1070
-1070
-1070
-1070
-1065
-1070
-1070
-1070
-1075
-1080
-1080
-1080
-1080
-1080
-1070
-1075
-1080
-1080
-1080
-1080
-1080
-1080
-1080
-1080
-1080
-1080
-1080
-1080
-1080
-1080
-1080
-1080
-1080
-1080
-1080
-1080
-1080
-1080
-1080
-1080
-1080
-1055
-1055
-1055
-1055
-1085
-1085
-1085
-1085
-1085
-1085
-1357
-1169
-1169
-1169
-1357
-1357
-1357
-1124
-1357
-1357
-1357
-1357
-1357
-1357
-1357
-1357
-1357
-1357
-1357
-1357
-1357
-1357
-1357
-1357
-1342
-1070
-1327
-1327
-1342
-1342
-1342
-1342
-1342
-1342
-1278
-1342
-1342
-1342
-1342
-1342
-1164
-1164
-1075
-1075
-1025
-1030
-1030
-1030
-1030
-1030
-1030
-1030
-1030
-1030
-1030
-1020
-1020
-1055
-1055
-1055
-1055
-1055
-1055
-1070
-1070
-1070
-1070
-1070
-1070
-1070
-1070
-1070
-1070
-1070
-1055
-1055
-1055
-1070
-1070
-1070
-1055
-1055
-1055
-1055
-1055
-1055
-1055
-1055
-1055
-1055
-1070
-1070
-1065
-1065
-1065
-1070
-1070
-1050
-1050
-1050
-1050
-1050
-1050
-1050
-1050
-1050
-1050
-1040
-1020
-1040
-1040
-1010
-1010
-1010
-1010
-1040
-1040
-1040
-1040
-1040
-1040
-1040
-1040
-1040
-1040
-1040
-1040
-1040
-1015
-1015
-1015
-1015
-1015
-1015
-1015
-1015
-1015
-1015
-1015
-1015
-1015
-1015
-1010
-1015
-1015
-1015
-1015
-1248
-1263
-1263
-1263
-1243
-1263
-1263
-1129
-1129
-1005
-1005
-1005
-1005
-1005
-1005
-1005
-1005
-1005
-1005
-1005
-1000
-1000
-1000
-1005
-1223
-1223
-1171
-1005
-1005
-1005
-1005
-1000
-1000
-1000
-1000
-1000
-1000
-1000
-1000
-1000
-1000
-1000
-1000
-1000
-1000
-1000
-1000
-1000
-1000
-975
-975
-975
-1000
-1000
-1000
-975
-975
-975
-975
-975
-975
-975
-975
-975
-975
-975
-975
-975
-975
-975
-975
-975
-975
-975
-975
-975
-975
-975
-975
-975
-975
-975
-975
-975
-975
-975
-975
-975
-975
-975
-975
-975
-975
-975
-975
-975
-975
-975
-975
-975
-975
-975
-975
-975
-975
-975
-975
-975
-975
-975
-975
-975
-975
-975
-975
-975
-975
-975
-975
-975
-975
-975
-975
-975
-975
-975
-975
-975
-975
-975
-975
-975
-975
-975
-975
-975
-975
-975
-975
-975
-975
-975
-975
-975
-975
-975
-975
-975
-975
-975
-975
-975
-975
-975
-975
-975
-975
-975
-975
-975
-975
-975
-975
-975
-975
-975
-975
-975
-975
-975
-975
-975
-975
-975
-975
-975
-975
-975
-975
-975
-975
-975
-975
-975
-975
-975
-975
-975
-975
-975
-975
-975
-975
-975
-975
-975
-975
-975
-975
-975
-975
-975
-975
-975
-975
-975
-975
-975
-975
-975
-975
-975
-975
-975
-975
-975
-975
-975
-975
-975
-975
-975
-975
-975
-975
-975
-975
-975
-975
-975
-975
-975
-975
-975
-975
-975
-975
-975
-975
-975
-975
-975
-975
-975
-975
-975
-975
-975
-975
-975
-975
-975
-975
-975
-975
-975
-975
-975
-975
-975
-975
-975
-975
-975
-975
-975
-975
-975
-975
-975
-975
-975
-975
-975
-975
-975
-975
-975
-975
-975
-975
-975
-975
-975
-975
-975
-975
-975
-975
-975
-975
-975
-975
-975
-975
-975
-975
-975
-975
-975
-975
-975
-975
-1297
-1297
-1297
-1297
-1297
-1297
-1297
-1297
-1297
-1297
-1297
-1297
-1292
-1292
-975
-975
-1292
-1292
-1292
-1297
-1297
-1288
-1288
-1288
-1173
-975
-975
-975
-1040
-1015
-1015
-1015
-1000
-1000
-1000
-1000
-1000
-1000
-1000
-1000
-1000
-1000
-1000
-1005
-1005
-1005
-1005
-1005
-1005
-1005
-1005
-1005
-1005
-1005
-1015
-1015
-1015
-1015
-1015
-1015
-1015
-1015
-1015
-1015
-1015
-1030
-1040
-1025
-1025
-1040
-1040
-1040
-1040
-1040
-1040
-1040
-1040
-1040
-1040
-1040
-1040
-1040
-1040
-1040
-1040
-1040
-1040
-1040
-1040
-1040
-1040
-1040
-1040
-1025
-1040
-1040
-1040
-1040
-1025
-1025
-1025
-1025
-1025
-1025
-1025
-1025
-1010
-1010
-1010
-1010
-1025
-1025
-1025
-1025
-1025
-1035
-1035
-1035
-1035
-1035
-1035
-1035
-1035
-1035
-1035
-1020
-1020
-1020
-1020
-1020
-1020
-1020
-1020
-1020
-1020
-1020
-1020
-1020
-1020
-1020
-1020
-1020
-1020
-1020
-1020
-1020
-1020
-1020
-1020
-1020
-1020
-1020
-1020
-1020
-1020
-1020
-1020
-1020
-1020
-1020
-1020
-1020
-1020
-1020
-1020
-1020
-1020
-1020
-1020
-1020
-1015
-1020
-1020
-1020
-1020
-1020
-1020
-1020
-1000
-1000
-1000
-1000
-1000
-1020
-1020
-1020
-1015
-1010
-1015
-1015
-1015
-1020
-1020
-1020
-1020
-1020
-1020
-1020
-1020
-1020
-1015
-1020
-1020
-1020
-1020
-1114
-1114
-1114
-1114
-1114
-1030
-1030
-1030
-1030
-1030
-1030
-1030
-1030
-1030
-1030
-1030
-1030
-1030
-1030
-1030
-1030
-1030
-1030
-1030
-1030
-1030
-1030
-1030
-1030
-985
-985
-985
-985
-1030
-1030
-1030
-1030
-1030
-1030
-1114
-1114
-1114
-1114
-1114
-1114
-1040
-1040
-1040
-1040
-1040
-1040
-1040
-1040
-1040
-1040
-1040
-1040
-1040
-1040
-1040
-1040
-1040
-1040
-1040
-1040
-1040
-1040
-1040
-1040
-1040
-1040
-1040
-1040
-1040
-1040
-1040
-1040
-1025
-1025
-1040
-1040
-1040
-1000
-1040
-1040
-1040
-1040
-1040
-1040
-1030
-1030
-1030
-1030
-1030
-1030
-1030
-1030
-1030
-1030
-1030
-1030
-1030
-1030
-1030
-1030
-1030
-1025
-1025
-1015
-1025
-1025
-1025
-1015
-1015
-1015
-1015
-1015
-1015
-1015
-1015
-1015
-1015
-1015
-1015
-1015
-1015
-1015
-1015
-1030
-1030
-1030
-1030
-1030
-1030
-1030
-1030
-1030
-1030
-1030
-1030
-1030
-1030
-1030
-1030
-1030
-1030
-1030
-1030
-1030
-1030
-1030
-1030
-1030
-1030
-1025
-1020
-1025
-1025
-1020
-1020
-1020
-1020
-1020
-1020
-1020
-1020
-1020
-1020
-1020
-1020
-1020
-1015
-1015
-1015
-1015
-1015
-1020
-1020
-1020
-1015
-1015
-1015
-1015
-1015
-1015
-1015
-1015
-1020
-1015
-1015
-1020
-1020
-1020
-1020
-1030
-1030
-1030
-1015
-1015
-1015
-1015
-1015
-1015
-1015
-1015
-1015
-1015
-1015
-1015
-1015
-1015
-1015
-1015
-1015
-1015
-1015
-1015
-1015
-1015
-1015
-1015
-1015
-1015
-1015
-1015
-1015
-1015
-1015
-1015
-1015
-1015
-1015
-1015
-1015
-1015
-1015
-1015
-1015
-1015
-1015
-1015
-1015
-1015
-1015
-1015
-1015
-1015
-1015
-1015
-1015
-1015
-1015
-1015
-1015
-1015
-1015
-1015
-1015
-1015
-1015
-1015
-1015
-1015
-1015
-1015
-1015
-1015
-1015
-1015
-1015
-1015
-1015
-1015
-1015
-1015
-1015
-1015
-1015
-1015
-1015
-1015
-1010
-1010
-1010
-1010
-1010
-1010
-1010
-1010
-1010
-1010
-1010
-1010
-1010
-1010
-1010
-1010
-1010
-1010
-1010
-1010
-1010
-1010
-1010
-1010
-1010
-1010
-1010
-1010
-1010
-1010
-1010
-1010
-1010
-1010
-1010
-1010
-1010
-1010
-1010
-1010
-1010
-1010
-1010
-1010
-1010
-1010
-1010
-1010
-1010
-1010
-1010
-1010
-1010
-1010
-1010
-1010
-1010
-1010
-1010
-1010
-1010
-1010
-1010
-1010
-1010
-1010
-1010
-1010
-1010
-1010
-1010
-1010
-1010
-1010
-1010
-1010
-1010
-1010
-1010
-1010
-1010
-1010
-1010
-1010
-1010
-1010
-1010
-1010
-1010
-1010
-1010
-1010
-1010
-1010
-1010
-1010
-1010
-1010
-1010
-1010
-1010
-1010
-1010
-1010
-1010
-1010
-1010
-1010
-1010
-1010
-1010
-1010
-1010
-1010
-1010
-1010
-1010
-1010
-1010
-1010
-1010
-1010
-1010
-1010
-1010
-1010
-1010
-1010
-1010
-1010
-1010
-1010
-1010
-1010
-1010
-1010
-990
-990
-990
-990
-990
-990
-990
-990
-990
-990
-990
-990
-990
-1010
-1010
-990
-990
-1010
-990
-1010
-1010
-1010
-1010
-1010
-1010
-1010
-1010
-1010
-1010
-1010
-1010
-1010
-1010
-1010
-1010
-1010
-1010
-1010
-1010
-1010
-1010
-1010
-1010
-1010
-1010
-1010
-1010
-1010
-1010
-1010
-1005
-1010
-1010
-1010
-1010
-1010
-1010
-1010
-1010
-1010
-1010
-1010
-1010
-1010
-1010
-1010
-1010
-1010
-1010
-1010
-1010
-1010
-1010
-1010
-1010
-1010
-1010
-1010
-1010
-1010
-1010
-1010
-1010
-1010
-1010
-1010
-1010
-1010
-1010
-1010
-1010
-1010
-1010
-1010
-1010
-1010
-1010
-1010
-1010
-1010
-1010
-1010
-1010
-1010
-1010
-1010
-1010
-1010
-1010
-1010
-1010
-1010
-1010
-1010
-1010
-1010
-1010
-1010
-1010
-1010
-1010
-1010
-1010
-1010
-1010
-1010
-1010
-1010
-1010
-1010
-1010
-1010
-1010
-1010
-1010
-1010
-1010
-1010
-1010
-1010
-1010
-1010
-1010
-1010
-1010
-1010
-1000
-1010
-1010
-1010
-1010
-1010
-1010
-1010
-1010
-1010
-1010
-1010
-1010
-1010
-1010
-1010
-1010
-1010
-1010
-1010
-1010
-1010
-1010
-1010
-990
-1010
-1010
-1010
-1010
-1010
-1010
-1010
-1010
-1010
-1010
-1010
-1010
-1010
-1010
-1010
-1010
-1010
-1010
-995
-995
-995
-995
-995
-995
-995
-995
-990
-995
-995
-995
-995
-995
-995
-995
-995
-995
-995
-995
-995
-980
-995
-995
-995
-995
-990
-990
-990
-990
-990
-990
-990
-980
-980
-980
-990
-990
-990
-990
-990
-990
-990
-990
-990
-990
-990
-990
-990
-990
-990
-990
-990
-990
-990
-990
-990
-990
-990
-990
-990
-990
-990
-990
-990
-990
-990
-990
-990
-990
-990
-990
-990
-990
-990
-990
-990
-990
-990
-990
-990
-990
-990
-990
-990
-990
-990
-990
-990
-990
-990
-990
-990
-990
-990
-990
-990
-990
-990
-990
-990
-990
-990
-1005
-1005
-1005
-1005
-1000
-1005
-1005
-1005
-1005
-1005
-1005
-1005
-1005
-1005
-1005
-1000
-1000
-1000
-1005
-1000
-1000
-1000
-1000
-1000
-1000
-1000
-1000
-1000
-1000
-1000
-1000
-1000
-1000
-1000
-1000
-1000
-995
-995
-995
-995
-1000
-1000
-1000
-1000
-980
-980
-980
-980
-980
-980
-975
-980
-980
-980
-980
-980
-980
-980
-980
-1005
-1005
-1015
-1015
-1015
-1015
-1015
-1010
-1010
-1010
-1010
-1010
-1010
-1010
-995
-1010
-1010
-1010
-1010
-1005
-1005
-1005
-1000
-1000
-1000
-1000
-1000
-1000
-1000
-995
-995
-1000
-1000
-1000
-1000
-1000
-1010
-1010
-1010
-1000
-975
-975
-975
-975
-975
-975
-1000
-1000
-1000
-1000
-1000
-1000
-1000
-1000
-1000
-975
-975
-1000
-1000
-1000
-1000
-1000
-1000
-1000
-1000
-1000
-1000
-1000
-1000
-1000
-1000
-1000
-1000
-1000
-1000
-1000
-1000
-1000
-1000
-1000
-1000
-995
-995
-1000
-1000
-1000
-1000
-1000
-1000
-1000
-1000
-1000
-1000
-1000
-1000
-1000
-1000
-1000
-1000
-1000
-1000
-1000
-1000
-1000
-1000
-1000
-1000
-1000
-1000
-1000
-1000
-1000
-1000
-1000
-1000
-1000
-1000
-1000
-1000
-1000
-985
-985
-985
-985
-985
-985
-985
-985
-985
-985
-985
-985
-985
-985
-985
-985
-985
-985
-985
-985
-985
-985
-975
-985
-985
-985
-985
-985
-985
-985
-985
-985
-985
-985
-985
-985
-985
-985
-1109
-1025
-995
-995
-1218
-1292
-1292
-1208
-1287
-1287
-1114
-1134
-995
-995
-995
-995
-980
-980
-980
-980
-980
-980
-980
-980
-980
-980
-980
-980
-980
-980
-980
-980
-980
-980
-980
-980
-980
-995
-995
-995
-995
-995
-995
-995
-995
-995
-995
-995
-995
-995
-995
-995
-995
-995
-995
-995
-990
-990
-995
-995
-995
-995
-995
-995
-995
-985
-985
-985
-985
-975
-980
-980
-980
-980
-980
-980
-980
-980
-980
-980
-980
-990
-990
-990
-985
-990
-990
-990
-990
-985
-985
-985
-985
-985
-985
-985
-985
-985
-985
-980
-980
-980
-980
-980
-980
-975
-975
-975
-985
-985
-980
-985
-985
-985
-985
-985
-990
-990
-990
-990
-990
-990
-990
-990
-990
-990
-990
-990
-990
-990
-990
-990
-990
-990
-990
-990
-990
-990
-990
-990
-985
-985
-980
-985
-985
-985
-985
-985
-985
-985
-985
-985
-985
-985
-985
-975
-975
-975
-985
-985
-985
-985
-985
-985
-985
-985
-985
-985
-985
-985
-985
-985
-985
-985
-985
-985
-985
-985
-975
-985
-985
-985
-985
-985
-985
-985
-985
-985
-985
-975
-985
-985
-985
-985
-985
-985
-985
-985
-985
-985
-985
-985
-985
-985
-975
-975
-975
-975
-985
-985
-985
-985
-985
-985
-985
-985
-985
-975
-975
-975
-985
-985
-985
-985
-985
-985
-985
-985
-985
-985
-985
-975
-975
-975
-975
-985
-985
-985
-985
-985
-985
-985
-985
-985
-985
-985
-985
-985
-975
-985
-985
-985
-985
-985
-985
-985
-985
-985
-985
-985
-985
-985
-985
-985
-985
-985
-975
-975
-985
-985
-985
-975
-975
-975
-975
-975
-975
-975
-985
-985
-985
-985
-985
-985
-985
-985
-985
-985
-985
-985
-985
-985
-985
-985
-985
-985
-985
-985
-985
-985
-985
-985
-985
-985
-985
-985
-985
-985
-985
-975
-975
-975
-985
-985
-985
-985
-975
-975
-975
-975
-975
-975
-975
-975
-975
-975
-975
-975
-975
-975
-975
-975
-975
-975
-975
-975
-975
-975
-975
-975
-975
-975
-975
-975
-975
-975
-975
-975
-975
-975
-975
-975
-975
-975
-975
-975
-975
-975
-975
-975
-975
-975
-975
-975
-975
-975
-975
-975
-975
-975
-975
-975
-975
-975
-975
-975
-975
-975
-975
-975
-975
-975
-975
-975
-1084
-1084
-1084
-1084
-1084
-1055
-1084
-1084
-1084
-1084
-1084
-1084
-1079
-1079
-1079
-975
-975
-975
-975
-975
-975
-975
-975
-975
-975
-975
-975
-975
-975
-975
-975
-975
-975
-975
-975
-975
-975
-975
-975
-975
-975
-975
-975
-975
-975
-975
-975
-975
-975
-975
-975
-975
-975
-975
-975
-975
-975
-975
-975
-975
-975
-975
-975
-975
-975
-975
-975
-975
-975
-975
-975
-975
-975
-975
-975
-975
-975
-975
-975
-975
-975
-975
-975
-975
-975
-975
-975
-975
-975
-975
-975
-975
-975
-975
-975
-975
-975
-975
-975
-975
-975
-975
-975
-975
-975
-975
-975
-975
-975
-975
-975
-975
-975
-975
-975
-975
-975
-975
-975
-975
-975
-975
-975
-975
-975
-975
-975
-975
-975
-975
-975
-975
-975
-975
-975
-975
-975
-975
-975
-975
-975
-975
-975
-975
-975
-975
-975
-975
-975
-975
-975
-975
-975
-975
-975
-975
-975
-975
-975
-975
-975
-975
-975
-975
-975
-975
-975
-975
-975
-975
-975
-975
-975
-975
-975
-975
-975
-975
-975
-975
-975
-975
-975
-975
-975
-975
-975
-975
-975
-975
-975
-975
-975
-1000
-1000
-1000
-1000
-1000
-1000
-1000
-1000
-1000
-1000
-1000
-1000
-1000
-1000
-1000
-1000
-1000
-1000
-1000
-1000
-1000
-1000
-1000
-995
-1000
-1000
-1000
-1000
-1000
-1192
-1192
-1192
-1192
-1192
-1192
-1192
-1192
-1187
-1005
-1005
-980
-980
-1192
-1192
-1192
-1192
-980
-980
-1192
-1187
-1192
-1192
-1154
-1149
-1192
-1192
-1192
-990
-990
-990
-990
-990
-990
-990
-990
-990
-990
-985
-985
-990
-990
-990
-990
-990
-990
-990
-990
-990
-990
-990
-990
-985
-990
-990
-990
-990
-990
-990
-990
-990
-990
-990
-990
-990
-990
-985
-985
-985
-985
-985
-985
-985
-985
-985
-985
-985
-985
-985
-985
-990
-990
-990
-990
-990
-990
-990
-990
-990
-990
-990
-990
-990
-990
-990
-990
-990
-990
-990
-990
-990
-990
-985
-985
-985
-985
-985
-985
-985
-985
-985
-985
-985
-985
-985
-985
-985
-985
-985
-985
-985
-985
-985
-985
-985
-985
-985
-985
-985
-985
-985
-985
-985
-985
-985
-985
-985
-985
-985
-985
-985
-985
-985
-985
-985
-985
-985
-985
-985
-985
-985
-985
-985
-985
-985
-985
-985
-985
-985
-985
-985
-985
-985
-985
-985
-985
-985
-985
-985
-985
-985
-985
-985
-985
-985
-985
-985
-985
-985
-985
-985
-985
-985
-985
-985
-985
-985
-985
-985
-985
-985
-985
-985
-985
-985
-985
-985
-985
-985
-985
-985
-985
-985
-985
-985
-985
-980
-985
-985
-985
-985
-985
-985
-985
-985
-985
-985
-985
-985
-985
-985
-985
-985
-985
-985
-985
-985
-985
-985
-985
-985
-985
-985
-985
-985
-985
-985
-985
-985
-985
-985
-985
-985
-985
-985
-985
-985
-985
-985
-985
-985
-985
-985
-985
-985
-985
-985
-985
-985
-985
-985
-985
-985
-985
-985
-985
-985
-985
-985
-980
-985
-985
-985
-985
-985
-985
-985
-985
-985
-985
-985
-985
-985
-985
-985
-975
-985
-985
-985
-985
-985
-985
-985
-985
-985
-985
-985
-985
-985
-985
-985
-985
-985
-985
-985
-985
-985
-985
-985
-985
-985
-985
-985
-985
-985
-985
-985
-985
-985
-985
-985
-985
-985
-985
-985
-985
-985
-985
-985
-985
-985
-985
-985
-985
-985
-985
-985
-985
-985
-985
-985
-985
-985
-985
-985
-985
-985
-985
-985
-985
-985
-985
-985
-985
-985
-985
-985
-985
-985
-985
-985
-985
-985
-985
-985
-985
-985
-985
-985
-985
-985
-985
-985
-985
-985
-985
-985
-995
-1000
-985
-985
-1061
-1212
-1212
-1212
-1212
-1212
-1212
-1212
-1212
-1212
-1212
-1212
-1212
-1212
-1212
-1212
-1212
-1212
-1096
-1096
-1096
-1096
-1096
-1096
-1096
-985
-1096
-1096
-1096
-1096
-1212
-1212
-1080
-1080
-1080
-1212
-1212
-1212
-1154
-1154
-1154
-1154
-1154
-1154
-1154
-1212
-1139
-1139
-1139
-1030
-1030
-1030
-1030
-1030
-1030
-1208
-1208
-1030
-1030
-1030
-1030
-1030
-1030
-1030
-1030
-1030
-1030
-1030
-1030
-1030
-1030
-1030
-1030
-1030
-1030
-1030
-1030
-1030
-1030
-1030
-1030
-1030
-1030
-1030
-1030
-1030
-1010
-1010
-1010
-1010
-1010
-1010
-1010
-1010
-1010
-1010
-985
-985
-985
-1010
-1010
-1010
-1010
-1010
-1010
-1010
-1010
-1010
-1010
-1010
-1000
-1000
-1000
-1000
-1000
-1000
-1000
-1000
-1000
-1000
-1000
-1000
-1000
-1000
-1000
-1000
-1000
-1000
-1000
-1000
-1000
-1000
-1000
-1000
-1000
-1000
-1000
-1000
-1010
-1000
-1010
-1010
-1010
-1000
-1000
-1000
-1000
-1000
-1000
-1000
-1000
-1000
-995
-995
-995
-995
-995
-995
-995
-995
-995
-995
-975
-975
-995
-995
-995
-995
-1000
-1000
-1000
-975
-1000
-1000
-1000
-1000
-1000
-1000
-1000
-1000
-1000
-1000
-1000
-1000
-1000
-1000
-1000
-1000
-1000
-1000
-1000
-995
-995
-995
-995
-995
-995
-995
-995
-995
-995
-995
-995
-995
-995
-995
-995
-995
-995
-970
-995
-995
-995
-995
-995
-995
-995
-995
-995
-995
-995
-995
-995
-995
-995
-995
-995
-995
-995
-1000
-1109
-1109
-1109
-1109
-1000
-1000
-1000
-1000
-1000
-1000
-1000
-1000
-1000
-1000
-1000
-1000
-1000
-995
-995
-995
-950
-950
-950
-950
-950
-950
-950
-950
-950
-950
-950
-950
-950
-970
-970
-970
-970
-970
-955
-955
-955
-955
-970
-970
-970
-970
-970
-970
-970
-970
-970
-970
-970
-970
-970
-970
-970
-970
-970
-970
-970
-970
-970
-970
-970
-970
-970
-970
-970
-970
-970
-970
-970
-970
-970
-970
-970
-970
-970
-970
-970
-970
-970
-970
-970
-970
-970
-970
-970
-970
-970
-970
-970
-950
-950
-950
-950
-950
-935
-950
-950
-950
-950
-950
-950
-950
-950
-950
-950
-950
-950
-950
-950
-950
-950
-950
-950
-950
-950
-950
-950
-950
-950
-950
-950
-950
-950
-950
-950
-950
-950
-950
-950
-950
-950
-950
-950
-950
-950
-950
-950
-950
-1059
-955
-1059
-1059
-1059
-1059
-1059
-1064
-1064
-1049
-960
-960
-960
-960
-960
-960
-960
-960
-960
-980
-980
-980
-980
-980
-980
-980
-980
-950
-980
-980
-980
-980
-980
-980
-980
-980
-980
-980
-980
-980
-980
-980
-980
-980
-980
-980
-980
-980
-980
-980
-980
-980
-980
-975
-975
-980
-980
-980
-980
-980
-980
-980
-980
-980
-980
-980
-980
-980
-980
-980
-980
-980
-980
-980
-980
-980
-980
-980
-980
-980
-980
-980
-980
-980
-980
-980
-980
-980
-980
-980
-980
-980
-980
-980
-980
-980
-980
-980
-980
-980
-980
-980
-980
-980
-980
-980
-980
-980
-980
-975
-980
-1000
-995
-1000
-1000
-980
-980
-980
-980
-980
-980
-980
-980
-980
-980
-980
-980
-980
-980
-980
-950
-950
-950
-950
-950
-950
-980
-980
-980
-980
-980
-980
-980
-980
-980
-980
-965
-970
-970
-970
-970
-965
-970
-970
-970
-970
-970
-970
-970
-970
-970
-970
-970
-970
-970
-970
-970
-970
-970
-970
-970
-965
-965
-965
-965
-965
-965
-965
-965
-965
-965
-965
-965
-960
-960
-965
-965
-965
-965
-965
-965
-965
-965
-965
-965
-965
-965
-965
-965
-965
-965
-965
-965
-965
-965
-965
-965
-965
-975
-1109
-1109
-1109
-1109
-1109
-1109
-990
-990
-990
-990
-990
-990
-990
-990
-990
-990
-990
-975
-975
-975
-975
-975
-965
-975
-975
-970
-970
-970
-970
-970
-975
-975
-975
-975
-975
-975
-975
-970
-970
-970
-970
-970
-970
-970
-970
-970
-970
-970
-970
-970
-965
-965
-965
-965
-965
-965
-965
-965
-965
-965
-965
-960
-960
-960
-965
-955
-965
-965
-955
-965
-965
-965
-965
-965
-965
-965
-965
-965
-965
-960
-960
-965
-975
-975
-980
-980
-980
-980
-980
-965
-980
-980
-980
-980
-980
-980
-985
-1089
-1089
-1089
-1089
-985
-985
-985
-985
-985
-985
-985
-985
-985
-980
-985
-985
-980
-980
-980
-980
-980
-980
-980
-980
-980
-980
-980
-970
-970
-970
-970
-970
-950
-950
-950
-950
-950
-950
-950
-950
-950
-950
-950
-950
-950
-950
-950
-950
-950
-950
-950
-950
-950
-950
-950
-950
-950
-950
-950
-950
-950
-950
-950
-950
-950
-950
-950
-950
-950
-950
-950
-935
-935
-950
-950
-950
-950
-950
-950
-950
-950
-950
-950
-950
-950
-950
-950
-950
-950
-950
-950
-950
-950
-950
-950
-970
-970
-970
-970
-1059
-1059
-1059
-1059
-1059
-1059
-1059
-1059
-1059
-1059
-1059
-1059
-1059
-1059
-1059
-1059
-1059
-1059
-1059
-1059
-1059
-1059
-1049
-1049
-1049
-1049
-965
-965
-965
-965
-965
-1049
-1049
-1049
-1049
-965
-965
-935
-965
-965
-965
-965
-965
-965
-965
-965
-965
-965
-965
-965
-965
-940
-940
-940
-940
-935
-935
-940
-940
-940
-940
-940
-940
-940
-940
-940
-940
-940
-940
-965
-965
-965
-965
-965
-955
-955
-965
-965
-965
-965
-965
-965
-965
-965
-965
-965
-965
-965
-965
-965
-965
-965
-965
-965
-965
-965
-965
-965
-965
-965
-965
-965
-965
-965
-965
-965
-965
-965
-965
-965
-965
-965
-965
-965
-965
-965
-965
-965
-965
-965
-965
-965
-965
-965
-965
-965
-965
-965
-965
-965
-965
-965
-965
-965
-965
-965
-965
-955
-955
-955
-955
-955
-955
-955
-955
-955
-955
-955
-955
-960
-960
-960
-960
-955
-955
-955
-955
-955
-955
-960
-960
-960
-965
-955
-955
-955
-955
-955
-955
-955
-955
-955
-955
-955
-955
-955
-955
-955
-955
-955
-955
-955
-955
-955
-955
-955
-955
-955
-955
-955
-955
-955
-955
-955
-955
-955
-955
-955
-955
-955
-955
-955
-955
-955
-955
-955
-955
-955
-955
-955
-955
-955
-955
-955
-955
-955
-955
-955
-955
-955
-955
-955
-955
-955
-955
-955
-955
-955
-955
-955
-955
-955
-955
-955
-955
-955
-955
-955
-955
-955
-955
-955
-955
-955
-955
-955
-955
-955
-940
-955
-955
-955
-955
-955
-955
-955
-955
-955
-955
-955
-955
-955
-955
-955
-955
-955
-955
-955
-955
-955
-955
-955
-955
-955
-955
-955
-955
-955
-955
-955
-955
-955
-955
-955
-955
-955
-955
-955
-955
-955
-955
-955
-955
-955
-955
-955
-955
-955
-955
-955
-955
-955
-955
-955
-955
-955
-955
-955
-955
-955
-955
-955
-955
-955
-955
-955
-955
-955
-945
-955
-955
-955
-955
-955
-955
-955
-955
-955
-955
-955
-955
-955
-950
-955
-955
-955
-955
-955
-955
-955
-955
-955
-955
-955
-955
-955
-955
-955
-955
-955
-955
-955
-955
-955
-955
-955
-955
-955
-955
-955
-955
-955
-955
-955
-955
-940
-940
-940
-940
-940
-940
-940
-935
-940
-940
-940
-940
-940
-940
-940
-940
-940
-940
-940
-940
-940
-940
-940
-940
-940
-940
-940
-940
-940
-940
-940
-935
-940
-935
-935
-940
-935
-935
-940
-940
-940
-940
-940
-940
-940
-940
-940
-940
-940
-940
-940
-970
-970
-970
-970
-965
-965
-965
-965
-965
-965
-955
-955
-955
-965
-965
-965
-965
-965
-965
-965
-965
-965
-965
-950
-950
-950
-950
-950
-950
-950
-950
-950
-950
-950
-950
-950
-950
-965
-950
-950
-950
-970
-970
-970
-970
-965
-965
-965
-965
-965
-970
-970
-970
-945
-970
-970
-970
-970
-970
-965
-970
-970
-970
-970
-970
-970
-970
-970
-970
-970
-970
-970
-960
-970
-970
-970
-970
-970
-970
-970
-965
-965
-965
-965
-965
-965
-965
-965
-965
-965
-965
-965
-965
-965
-965
-965
-965
-965
-965
-965
-965
-965
-965
-965
-965
-965
-965
-965
-965
-965
-965
-965
-965
-965
-965
-965
-965
-965
-965
-965
-965
-965
-965
-965
-965
-965
-965
-965
-965
-965
-965
-965
-965
-955
-955
-965
-965
-965
-965
-965
-965
-965
-965
-965
-965
-965
-965
-965
-965
-965
-965
-965
-965
-965
-965
-965
-965
-965
-965
-965
-965
-965
-965
-965
-965
-955
-955
-955
-955
-955
-955
-955
-955
-955
-955
-955
-955
-955
-955
-955
-965
-965
-965
-965
-945
-960
-960
-960
-960
-960
-960
-960
-960
-960
-960
-960
-955
-955
-1069
-1064
-1079
-1079
-1079
-1079
-1079
-980
-1079
-1079
-1149
-1149
-1149
-970
-970
-970
-970
-970
-970
-970
-970
-970
-970
-970
-970
-970
-970
-970
-970
-970
-1035
-1025
-1025
-1074
-1139
-1163
-1163
-1163
-1163
-1163
-1163
-1163
-1163
-1061
-1061
-1163
-1163
-1163
-1163
-1163
-1163
-1163
-955
-1061
-1061
-1061
-1061
-955
-1061
-1061
-1084
-1061
-1061
-1061
-1061
-1061
-960
-960
-960
-955
-960
-960
-960
-960
-960
-960
-1051
-990
-990
-990
-990
-990
-990
-990
-990
-990
-955
-985
-985
-985
-965
-985
-985
-990
-990
-990
-985
-980
-980
-980
-980
-980
-985
-985
-985
-980
-980
-985
-985
-985
-985
-985
-985
-985
-985
-985
-985
-985
-985
-985
-985
-985
-985
-985
-985
-970
-985
-985
-985
-985
-985
-985
-985
-985
-985
-985
-985
-1263
-1263
-1263
-1263
-1238
-1238
-1258
-1258
-1243
-1243
-1243
-1243
-1243
-1243
-1243
-1040
-1243
-1218
-1218
-1218
-1218
-1218
-1248
-1248
-1248
-1258
-1258
-1258
-1258
-1258
-1220
-1220
-1220
-1220
-1220
-1220
-1010
-1010
-1010
-1010
-1010
-1010
-1010
-1010
-1010
-1010
-1010
-1010
-1010
-1010
-1010
-1010
-990
-990
-990
-990
-990
-990
-990
-990
-990
-990
-990
-990
-990
-990
-990
-990
-990
-990
-990
-990
-990
-1089
-980
-980
-980
-980
-980
-980
-980
-980
-980
-980
-980
-1069
-1069
-960
-960
-960
-960
-960
-960
-960
-960
-960
-960
-960
-960
-960
-960
-960
-960
-960
-960
-955
-955
-955
-960
-960
-960
-960
-960
-960
-960
-960
-960
-960
-960
-960
-960
-960
-960
-960
-960
-960
-960
-950
-950
-950
-950
-950
-950
-960
-960
-950
-950
-950
-950
-950
-950
-950
-950
-950
-950
-950
-950
-950
-950
-950
-950
-950
-950
-950
-950
-950
-950
-950
-950
-950
-950
-950
-950
-950
-950
-950
-950
-950
-950
-950
-950
-940
-950
-950
-950
-950
-950
-950
-950
-950
-950
-950
-950
-950
-950
-950
-945
-945
-945
-945
-945
-945
-945
-940
-940
-940
-940
-940
-940
-940
-940
-940
-940
-940
-940
-940
-955
-955
-955
-955
-955
-955
-955
-945
-945
-945
-945
-945
-945
-945
-945
-945
-945
-955
-955
-945
-945
-955
-955
-955
-955
-955
-955
-950
-950
-950
-950
-950
-955
-955
-955
-955
-955
-955
-955
-1059
-1059
-1059
-1064
-1064
-1173
-1173
-1064
-1064
-1064
-1064
-985
-985
-985
-985
-985
-985
-985
-985
-985
-985
-985
-985
-985
-985
-980
-980
-980
-980
-985
-985
-985
-985
-985
-975
-975
-975
-975
-975
-975
-975
-975
-945
-945
-945
-945
-975
-975
-975
-975
-975
-975
-975
-975
-975
-975
-955
-965
-975
-975
-975
-975
-975
-975
-975
-975
-975
-975
-975
-975
-975
-975
-985
-985
-985
-985
-975
-975
-975
-975
-1227
-1182
-1227
-1227
-985
-1227
-1227
-1223
-1223
-1223
-1227
-1227
-1227
-1227
-1227
-1227
-1227
-1227
-1227
-1227
-1227
-1207
-1213
-1197
-1227
-1227
-1212
-1000
-1212
-1000
-1000
-1000
-1000
-1000
-1000
-1000
-1119
-1227
-1227
-1020
-1020
-1227
-1227
-1227
-1227
-1154
-1247
-1020
-1020
-1221
-1221
-1221
-1247
-1247
-1247
-1247
-1302
-1302
-1302
-1221
-1221
-1221
-1161
-1161
-1161
-1161
-1161
-1161
-1221
-1161
-1161
-1161
-1161
-1206
-1206
-1206
-1206
-1270
-1270
-1206
-1206
-1206
-1206
-1206
-1206
-1206
-1206
-1206
-1206
-1206
-1206
-1206
-1176
-1176
-1176
-1206
-1206
-1206
-1206
-1206
-1206
-1206
-1206
-1206
-1206
-1206
-1065
-1065
-1065
-1065
-1065
-1065
-1065
-1065
-1065
-1065
-1065
-1060
-1065
-1070
-1045
-1045
-1045
-1020
-1020
-1020
-1020
-1020
-1020
-1010
-1010
-1020
-1005
-1005
-1005
-1020
-1020
-1020
-1020
-1020
-1020
-1020
-1020
-1020
-1020
-1020
-1020
-1020
-1020
-1020
-1020
-1020
-1020
-1020
-1020
-1030
-1030
-1030
-1030
-1030
-1159
-1159
-1159
-1134
-1134
-1159
-1159
-1134
-1159
-1075
-1075
-1075
-1065
-1065
-1065
-1134
-1134
-1099
-1099
-1099
-1099
-1099
-1099
-1099
-1020
-1020
-1020
-985
-985
-985
-1099
-995
-995
-995
-1099
-1099
-1099
-1099
-1099
-1099
-1094
-1099
-1094
-1099
-1094
-1094
-1094
-1094
-1094
-1094
-1094
-1094
-1094
-1094
-995
-1074
-1074
-1074
-1074
-1074
-1074
-1074
-1074
-1074
-990
-990
-990
-1005
-1005
-1005
-1005
-1005
-1005
-975
-1005
-1005
-1005
-1005
-985
-1005
-1005
-1198
-1198
-1198
-1074
-1074
-1074
-1074
-1074
-1116
-1116
-985
-985
-985
-985
-985
-985
-985
-985
-985
-985
-985
-985
-985
-985
-985
-985
-985
-955
-955
-955
-955
-955
-955
-955
-955
-955
-955
-955
-955
-955
-1005
-1005
-1005
-985
-970
-970
-970
-970
-970
-970
-970
-970
-990
-1005
-1005
-970
-970
-970
-970
-970
-970
-970
-970
-970
-970
-970
-970
-970
-970
-970
-970
-970
-955
-955
-970
-970
-955
-955
-955
-955
-955
-955
-955
-955
-955
-955
-955
-955
-955
-955
-955
-955
-955
-955
-955
-955
-955
-955
-955
-955
-955
-955
-955
-935
-935
-935
-935
-935
-935
-935
-935
-935
-935
-935
-935
-935
-935
-935
-935
-935
-935
-935
-935
-935
-935
-935
-935
-935
-935
-935
-935
-935
-935
-935
-935
-935
-935
-935
-935
-935
-935
-935
-935
-935
-935
-935
-935
-935
-935
-935
-935
-935
-935
-935
-935
-935
-935
-935
-935
-935
-935
-935
-935
-935
-935
-935
-935
-935
-935
-935
-935
-935
-935
-935
-935
-935
-935
-935
-935
-935
-935
-1049
-1089
-1089
-1089
-1089
-1089
-1089
-1089
-1089
-1089
-1089
-1089
-1089
-1089
-1089
-1049
-1089
-1089
-1089
-1089
-1089
-1089
-1089
-1089
-1089
-1089
-1089
-1089
-1089
-985
-985
-985
-985
-985
-985
-985
-985
-985
-985
-985
-985
-985
-985
-985
-985
-985
-985
-985
-985
-985
-985
-985
-985
-985
-985
-985
-985
-985
-985
-985
-985
-985
-985
-985
-985
-985
-985
-985
-985
-985
-985
-985
-985
-985
-985
-985
-985
-985
-985
-985
-985
-985
-985
-985
-985
-985
-985
-985
-985
-985
-985
-985
-985
-985
-985
-985
-985
-985
-985
-985
-985
-985
-985
-985
-985
-985
-985
-985
-985
-985
-985
-985
-985
-985
-985
-985
-985
-985
-985
-985
-985
-985
-985
-985
-985
-985
-985
-985
-985
-985
-985
-985
-985
-985
-985
-985
-985
-985
-985
-985
-985
-985
-985
-985
-985
-985
-985
-985
-985
-985
-985
-985
-985
-985
-985
-985
-985
-985
-985
-985
-985
-985
-985
-985
-985
-985
-985
-985
-985
-985
-985
-985
-985
-985
-985
-985
-985
-985
-985
-985
-985
-985
-985
-985
-985
-985
-985
-985
-985
-985
-985
-985
-985
-985
-985
-985
-985
-985
-985
-985
-985
-985
-985
-985
-985
-985
-985
-985
-985
-985
-985
-985
-985
-985
-985
-985
-985
-985
-985
-985
-985
-985
-985
-985
-985
-985
-985
-985
-985
-985
-985
-985
-985
-985
-985
-985
-985
-985
-985
-985
-985
-985
-985
-985
-985
-985
-985
-985
-985
-985
-985
-985
-985
-985
-985
-985
-985
-985
-985
-985
-985
-985
-985
-985
-985
-985
-985
-985
-985
-985
-985
-985
-985
-985
-985
-985
-985
-985
-985
-985
-985
-985
-975
-975
-975
-975
-975
-975
-975
-975
-975
-975
-975
-975
-975
-975
-975
-975
-975
-975
-970
-975
-975
-975
-975
-975
-975
-975
-975
-975
-975
-975
-975
-975
-975
-975
-975
-975
-975
-975
-975
-975
-975
-975
-975
-975
-975
-975
-975
-975
-975
-975
-975
-975
-975
-975
-975
-975
-975
-975
-975
-975
-975
-975
-975
-975
-975
-975
-975
-975
-975
-975
-975
-975
-975
-975
-975
-975
-975
-975
-975
-935
-935
-935
-935
-935
-935
-935
-935
-935
-935
-935
-935
-935
-935
-935
-935
-935
-935
-935
-935
-935
-935
-935
-935
-935
-935
-935
-935
-935
-935
-935
-935
-935
-935
-935
-935
-935
-935
-935
-935
-935
-935
-935
-935
-935
-935
-935
-935
-935
-935
-935
-935
-935
-935
-935
-935
-935
-935
-935
-935
-935
-935
-935
-935
-935
-935
-935
-935
-935
-935
-935
-935
-935
-935
-935
-935
-935
-935
-935
-935
-935
-935
-935
-935
-935
-935
-935
-935
-935
-935
-935
-935
-935
-935
-935
-935
-935
-935
-935
-935
-935
-935
-935
-935
-935
-935
-935
-935
-935
-935
-935
-935
-935
-935
-935
-935
-935
-935
-935
-935
-935
-935
-935
-935
-935
-935
-935
-935
-935
-935
-935
-935
-935
-935
-935
-935
-935
-935
-935
-935
-935
-935
-935
-935
-935
-935
-935
-935
-935
-935
-935
-935
-935
-935
-935
-935
-935
-935
-935
-935
-935
-935
-935
-935
-935
-935
-935
-935
-935
-935
-935
-935
-935
-935
-935
-935
-935
-935
-935
-935
-935
-935
-935
-935
-935
-935
-935
-935
-935
-935
-935
-935
-935
-935
-935
-935
-935
-935
-935
-935
-935
-935
-935
-935
-935
-935
-935
-935
-935
-935
-935
-935
-935
-935
-935
-935
-935
-935
-935
-935
-935
-935
-935
-935
-935
-935
-935
-935
-935
-935
-935
-935
-935
-935
-935
-935
-935
-935
-935
-935
-935
-935
-935
-935
-935
-935
-935
-935
-935
-935
-935
-935
-935
-935
-935
-935
-935
-935
-1039
-970
-970
-1074
-1074
-1074
-1074
-1074
-1074
-1074
-1074
-1074
-1074
-1074
-1074
-1074
-1074
-1074
-1074
-1074
-1074
-1074
-1074
-1074
-1074
-1074
-1074
-1074
-1074
-970
-970
-970
-970
-970
-970
-970
-970
-970
-1074
-1074
-1064
-1064
-1064
-1064
-1064
-1064
-1064
-1099
-1099
-1099
-1099
-1099
-1099
-1089
-1089
-1064
-1064
-1064
-1064
-995
-995
-995
-1069
-1089
-1089
-1089
-1089
-1089
-1089
-1089
-1089
-1005
-985
-985
-985
-985
-985
-985
-985
-960
-960
-960
-960
-960
-960
-960
-960
-960
-955
-955
-955
-955
-960
-960
-960
-960
-960
-960
-960
-960
-960
-960
-960
-960
-960
-960
-960
-960
-960
-960
-960
-960
-960
-960
-960
-960
-960
-960
-960
-960
-960
-960
-960
-960
-960
-960
-960
-960
-960
-960
-960
-960
-960
-960
-960
-960
-960
-960
-960
-960
-960
-960
-960
-960
-960
-960
-960
-960
-960
-960
-960
-960
-960
-960
-960
-960
-960
-960
-960
-960
-960
-960
-960
-960
-960
-960
-960
-960
-960
-960
-960
-960
-960
-960
-960
-960
-960
-960
-960
-960
-960
-960
-960
-960
-960
-960
-960
-960
-960
-960
-960
-960
-960
-960
-960
-960
-960
-960
-960
-960
-960
-960
-960
-960
-960
-960
-1069
-1069
-1297
-1475
-1317
-1218
-1218
-1076
-1200
-1200
-1200
-1091
-1091
-1076
-1091
-1091
-1091
-1091
-1091
-1086
-1086
-1086
-1086
-1086
-1086
-1086
-1086
-1071
-1076
-1086
-1086
-1086
-1086
-1086
-1086
-1086
-1086
-990
-990
-1086
-1086
-1086
-1071
-1071
-1071
-1071
-1071
-1071
-1071
-1071
-1071
-1071
-1071
-1071
-980
-1071
-1071
-1071
-1071
-1071
-1071
-1071
-1071
-1071
-1071
-1071
-1071
-1071
-1071
-1071
-1071
-1071
-1071
-1071
-1071
-1071
-1071
-1071
-1071
-1071
-1071
-1071
-1071
-1071
-1071
-1071
-1071
-1071
-1071
-1071
-1071
-975
-1071
-1071
-1071
-1061
-1061
-1071
-1071
-1071
-1071
-1071
-1071
-1071
-1071
-1071
-970
-970
-970
-970
-970
-970
-970
-970
-965
-965
-965
-965
-965
-970
-965
-965
-965
-965
-965
-965
-965
-965
-965
-965
-965
-965
-965
-965
-965
-965
-940
-940
-940
-940
-940
-940
-940
-940
-940
-940
-940
-940
-940
-940
-940
-1079
-1079
-1079
-1079
-1079
-1079
-1079
-1079
-1079
-990
-990
-1079
-1079
-1079
-1079
-1079
-1079
-1183
-1178
-1079
-1104
-1104
-1104
-1104
-1104
-1104
-1104
-1104
-1104
-1104
-1104
-1104
-1183
-1183
-1183
-1183
-1183
-1183
-1183
-1183
-1183
-1173
-1084
-1084
-1173
-1173
-1173
-1173
-1173
-1168
-1168
-1168
-1168
-1101
-1168
-1168
-1168
-1168
-1168
-1168
-1168
-1168
-1168
-1168
-1168
-1168
-1193
-1277
-1173
-1170
-1170
-1170
-1170
-1170
-1170
-1170
-1170
-1170
-1170
-1170
-1170
-1170
-1170
-1170
-1170
-1170
-1170
-1061
-1061
-1061
-1061
-1061
-1061
-1061
-1061
-1061
-1061
-1061
-1061
-1061
-1061
-1061
-1061
-1061
-1061
-1061
-1061
-1061
-1061
-1061
-1061
-1061
-1061
-1061
