Resultado obtenido en 13200 iteraciones.
Aptitud: -935
Mejor genotipo: [[[50],[0],[0],[0],[0]],[[100],[100],[0],[100],[100]],[[60],[60],[60],[60],[0]],[[100],[0],[0],[0],[0]],[[50],[50],[50],[50],[50]]]

Resultado obtenido en 22153 iteraciones.
Aptitud: -935
Mejor genotipo: [[[50],[0],[0],[0],[0]],[[100],[100],[0],[100],[100]],[[60],[60],[0],[60],[60]],[[0],[0],[100],[0],[0]],[[50],[50],[50],[50],[50]]]

Resultado obtenido en 12105 iteraciones.
Aptitud: -935
Mejor genotipo: [[[50],[0],[0],[0],[0]],[[100],[100],[0],[100],[100]],[[60],[60],[60],[60],[0]],[[100],[0],[0],[0],[0]],[[50],[50],[50],[50],[50]]]

Resultado obtenido en 13038 iteraciones.
Aptitud: -935
Mejor genotipo: [[[50],[0],[0],[0],[0]],[[100],[100],[0],[100],[100]],[[0],[60],[60],[60],[60]],[[0],[0],[100],[0],[0]],[[50],[50],[50],[50],[50]]]

Resultado obtenido en 13796 iteraciones.
Aptitud: -935
Mejor genotipo: [[[50],[0],[0],[0],[0]],[[100],[100],[0],[100],[100]],[[60],[60],[60],[60],[0]],[[0],[0],[100],[0],[0]],[[50],[50],[50],[50],[50]]]

Resultado obtenido en 19257 iteraciones.
Aptitud: -935
Mejor genotipo: [[[50],[0],[0],[0],[0]],[[100],[100],[0],[100],[100]],[[60],[60],[45],[60],[25]],[[0],[0],[0],[0],[100]],[[50],[50],[50],[50],[50]]]

Resultado obtenido en 21679 iteraciones.
Aptitud: -935
Mejor genotipo: [[[50],[0],[0],[0],[0]],[[100],[100],[0],[100],[100]],[[60],[60],[60],[60],[0]],[[0],[0],[0],[0],[100]],[[50],[50],[50],[50],[50]]]

Resultado obtenido en 17115 iteraciones.
Aptitud: -935
Mejor genotipo: [[[50],[0],[0],[0],[0]],[[100],[100],[0],[100],[100]],[[0],[60],[60],[60],[60]],[[100],[0],[0],[0],[0]],[[50],[50],[50],[50],[50]]]

Resultado obtenido en 18793 iteraciones.
Aptitud: -935
Mejor genotipo: [[[50],[0],[0],[0],[0]],[[100],[100],[0],[100],[100]],[[60],[50],[60],[20],[60]],[[0],[0],[0],[0],[100]],[[50],[50],[50],[50],[50]]]

Resultado obtenido en 12677 iteraciones.
Aptitud: -935
Mejor genotipo: [[[50],[0],[0],[0],[0]],[[100],[100],[0],[100],[100]],[[45],[60],[25],[60],[60]],[[0],[0],[0],[0],[100]],[[50],[50],[50],[50],[50]]]

La cantidad promedio de iteraciones fueron 16381.3 y la máxima fue de 22153
Hubieron 10 resultado(s) con el valor de aptitud -935, que fue el mas alto.
La menor cantidad de iteraciones para llegar al mejor resultado fue de 12105. El genotipo fue:
[[[50],[0],[0],[0],[0]],[[100],[100],[0],[100],[100]],[[60],[60],[60],[60],[0]],[[100],[0],[0],[0],[0]],[[50],[50],[50],[50],[50]]]
Los datos de aptitud por iteración son:
-605170
-504457
-404442
-205343
-205343
-204726
-204202
-204929
-105305
-203787
-203787
-203787
-104349
-104349
-103127
-103127
-103127
-103206
-103182
-103078
-103033
-4059
-4059
-2361
-2445
-3336
-3027
-3156
-2889
-2477
-2463
-2425
-2425
-2316
-2361
-2165
-2463
-2463
-2345
-2128
-2128
-2128
-2128
-2128
-2128
-2128
-2004
-2004
-1749
-1749
-1749
-2014
-1920
-2034
-2024
-1885
-1885
-1727
-1826
-2034
-1747
-1920
-1920
-1826
-1806
-1806
-1801
-1801
-1801
-1801
-1885
-1885
-1885
-1885
-1885
-1786
-1682
-1791
-1385
-1791
-1791
-1791
-1697
-1697
-1751
-1791
-1791
-1791
-1796
-1761
-1761
-1761
-1761
-1761
-1761
-1771
-1771
-1771
-1771
-1741
-1667
-1771
-1667
-1667
-1667
-1583
-1583
-1583
-1583
-1583
-1667
-1667
-1667
-1583
-1568
-1558
-1558
-1558
-1558
-1558
-1558
-1558
-1558
-1558
-1667
-1469
-1469
-1637
-1627
-1622
-1627
-1637
-1637
-1637
-1637
-1637
-1474
-1474
-1736
-1731
-1687
-1687
-1687
-1687
-1672
-1672
-1687
-1687
-1687
-1687
-1687
-1687
-1583
-1583
-1583
-1583
-1583
-1662
-1662
-1662
-1662
-1662
-1662
-1662
-1662
-1662
-1662
-1662
-1662
-1588
-1662
-1662
-1548
-1548
-1548
-1548
-1558
-1538
-1538
-1573
-1573
-1632
-1632
-1632
-1642
-1513
-1538
-1652
-1652
-1681
-1741
-1741
-1741
-1741
-1632
-1632
-1533
-1642
-1642
-1597
-1533
-1597
-1577
-1577
-1577
-1473
-1473
-1473
-1523
-1468
-1468
-1523
-1523
-1523
-1642
-1592
-1736
-1736
-1711
-1711
-1706
-1706
-1612
-1612
-1607
-1523
-1523
-1523
-1622
-1706
-1652
-1567
-1503
-1637
-1637
-1622
-1622
-1622
-1607
-1607
-1533
-1607
-1607
-1498
-1607
-1607
-1543
-1513
-1508
-1508
-1375
-1390
-1390
-1449
-1449
-1340
-1449
-1449
-1449
-1449
-1449
-1448
-1409
-1409
-1413
-1413
-1413
-1413
-1463
-1463
-1205
-1205
-1205
-1205
-1205
-1205
-1205
-1314
-1314
-1478
-1483
-1483
-1483
-1483
-1483
-1483
-1483
-1483
-1275
-1275
-1275
-1473
-1344
-1344
-1344
-1344
-1344
-1344
-1344
-1344
-1344
-1344
-1324
-1344
-1280
-1344
-1344
-1344
-1309
-1344
-1344
-1344
-1344
-1344
-1344
-1344
-1344
-1344
-1344
-1344
-1344
-1344
-1344
-1339
-1334
-1240
-1300
-1300
-1270
-1300
-1300
-1300
-1300
-1300
-1300
-1300
-1295
-1295
-1295
-1295
-1270
-1300
-1300
-1300
-1335
-1483
-1414
-1369
-1414
-1537
-1339
-1295
-1295
-1225
-1225
-1275
-1245
-1295
-1295
-1295
-1245
-1295
-1295
-1295
-1295
-1324
-1443
-1443
-1443
-1443
-1443
-1443
-1344
-1344
-1344
-1339
-1339
-1339
-1339
-1220
-1443
-1527
-1354
-1354
-1458
-1527
-1428
-1428
-1428
-1324
-1319
-1319
-1319
-1319
-1408
-1408
-1408
-1354
-1354
-1319
-1319
-1319
-1319
-1319
-1319
-1319
-1319
-1319
-1319
-1205
-1319
-1314
-1314
-1319
-1319
-1309
-1309
-1230
-1230
-1230
-1230
-1214
-1214
-1214
-1205
-1205
-1205
-1205
-1205
-1205
-1190
-1205
-1205
-1205
-1205
-1205
-1205
-1205
-1205
-1205
-1225
-1205
-1205
-1225
-1225
-1225
-1225
-1225
-1225
-1225
-1225
-1225
-1225
-1225
-1215
-1205
-1225
-1225
-1225
-1205
-1205
-1205
-1205
-1205
-1205
-1205
-1205
-1205
-1205
-1225
-1225
-1225
-1215
-1215
-1205
-1205
-1205
-1205
-1205
-1205
-1205
-1205
-1205
-1205
-1205
-1205
-1205
-1205
-1205
-1205
-1205
-1205
-1205
-1205
-1205
-1205
-1205
-1205
-1205
-1205
-1205
-1205
-1205
-1205
-1205
-1205
-1210
-1220
-1220
-1205
-1195
-1195
-1195
-1195
-1205
-1205
-1205
-1205
-1205
-1205
-1205
-1205
-1205
-1205
-1205
-1195
-1205
-1205
-1205
-1205
-1205
-1205
-1205
-1205
-1205
-1205
-1205
-1205
-1205
-1205
-1195
-1195
-1195
-1205
-1205
-1190
-1205
-1230
-1230
-1215
-1205
-1195
-1195
-1195
-1205
-1205
-1205
-1205
-1205
-1205
-1205
-1190
-1190
-1190
-1190
-1190
-1190
-1190
-1190
-1190
-1190
-1190
-1190
-1190
-1190
-1190
-1190
-1190
-1205
-1284
-1284
-1284
-1284
-1205
-1205
-1205
-1205
-1205
-1205
-1205
-1205
-1180
-1180
-1180
-1180
-1180
-1180
-1180
-1180
-1180
-1180
-1180
-1180
-1180
-1180
-1180
-1180
-1180
-1180
-1180
-1180
-1180
-1180
-1180
-1180
-1180
-1180
-1180
-1155
-1155
-1180
-1180
-1180
-1180
-1180
-1180
-1180
-1180
-1180
-1180
-1180
-1180
-1180
-1180
-1180
-1180
-1180
-1180
-1180
-1180
-1180
-1180
-1180
-1180
-1180
-1160
-1180
-1180
-1180
-1180
-1180
-1180
-1180
-1155
-1155
-1180
-1180
-1160
-1180
-1180
-1180
-1180
-1155
-1155
-1301
-1301
-1299
-1205
-1205
-1210
-1210
-1180
-1180
-1180
-1185
-1185
-1185
-1185
-1190
-1190
-1185
-1289
-1301
-1324
-1324
-1324
-1324
-1388
-1388
-1388
-1190
-1190
-1190
-1190
-1190
-1190
-1190
-1190
-1200
-1200
-1195
-1195
-1165
-1200
-1200
-1205
-1205
-1205
-1190
-1190
-1190
-1190
-1190
-1190
-1190
-1190
-1190
-1264
-1190
-1190
-1190
-1190
-1190
-1180
-1180
-1180
-1180
-1180
-1180
-1180
-1180
-1180
-1180
-1140
-1140
-1140
-1120
-1190
-1190
-1090
-1190
-1219
-1219
-1219
-1219
-1219
-1219
-1219
-1219
-1219
-1219
-1100
-1100
-1100
-1100
-1100
-1100
-1100
-1100
-1100
-1100
-1100
-1100
-1100
-1100
-1100
-1100
-1100
-1100
-1090
-1090
-1100
-1085
-1085
-1120
-1120
-1120
-1120
-1120
-1095
-1095
-1095
-1095
-1189
-1189
-1189
-1189
-1189
-1065
-1065
-1065
-1065
-1075
-1075
-1075
-1075
-1075
-1075
-1075
-1070
-1070
-1070
-1070
-1075
-1075
-1075
-1075
-1065
-1065
-1065
-1065
-1065
-1065
-1065
-1065
-1065
-1065
-1065
-1065
-1065
-1065
-1065
-1065
-1065
-1065
-1065
-1065
-1065
-1065
-1065
-1065
-1065
-1065
-1065
-1065
-1035
-1030
-1055
-1055
-1065
-1065
-1065
-1065
-1065
-1065
-1065
-1065
-1075
-1075
-1075
-1075
-1075
-1065
-1075
-1075
-1075
-1075
-1075
-1075
-1234
-1214
-1204
-1214
-1214
-1075
-1075
-1234
-1234
-1234
-1055
-1293
-1293
-1293
-1293
-1293
-1293
-1293
-1293
-1293
-1293
-1293
-1293
-1293
-1293
-1293
-1293
-1293
-1293
-1293
-1293
-1194
-1194
-1194
-1194
-1194
-1194
-1065
-1065
-1065
-1065
-1065
-1070
-1194
-1184
-1189
-1194
-1065
-1189
-1189
-1189
-1189
-1189
-1189
-1189
-1189
-1189
-1189
-1189
-1189
-1189
-1189
-1189
-1189
-1189
-1189
-1189
-1189
-1189
-1189
-1189
-1070
-1070
-1070
-1070
-1070
-1090
-1090
-1199
-1199
-1065
-1065
-1085
-1199
-1199
-1199
-1199
-1199
-1199
-1199
-1199
-1199
-1125
-1125
-1125
-1199
-1199
-1199
-1199
-1199
-1199
-1199
-1199
-1199
-1199
-1199
-1199
-1343
-1343
-1189
-1189
-1189
-1189
-1343
-1343
-1343
-1343
-1343
-1115
-1115
-1338
-1165
-1338
-1338
-1338
-1338
-1338
-1135
-1135
-1338
-1338
-1343
-1209
-1209
-1209
-1209
-1209
-1209
-1209
-1209
-1100
-1100
-1100
-1100
-1100
-1100
-1100
-1100
-1100
-1100
-1100
-1100
-1065
-1065
-1065
-1065
-1065
-1065
-1040
-1040
-1040
-1040
-1040
-1040
-1040
-1040
-1040
-1040
-1040
-1045
-1040
-1040
-1040
-1040
-1040
-1045
-1045
-1045
-1045
-1045
-1045
-1045
-1045
-1040
-1040
-1040
-1040
-1040
-1040
-1040
-1040
-1040
-1040
-1025
-1025
-1025
-1025
-1025
-1025
-1025
-1040
-1040
-1040
-1040
-1025
-1025
-1025
-1025
-1025
-1040
-1040
-1035
-1040
-1025
-1025
-1025
-1030
-1030
-1030
-1030
-1025
-1025
-1025
-1025
-1025
-1025
-1025
-1025
-1025
-1025
-1025
-1025
-1020
-1020
-1020
-1020
-1020
-1020
-1020
-1020
-1020
-1020
-1020
-1020
-1020
-1020
-1020
-1020
-1020
-1020
-1020
-1020
-1020
-1020
-1020
-1020
-1020
-1020
-1020
-1020
-1020
-1020
-1020
-1020
-1020
-1020
-1020
-1020
-1020
-1020
-1020
-1020
-1020
-1020
-1020
-1015
-1020
-1020
-1020
-1020
-1149
-1149
-1149
-1149
-1149
-1149
-1154
-1164
-1248
-1159
-1248
-1248
-1174
-1248
-1248
-1164
-1124
-1124
-1124
-1124
-1164
-1134
-1005
-1005
-1005
-1005
-1005
-1005
-1005
-1005
-1005
-1005
-1005
-1005
-1005
-1273
-1189
-1015
-1015
-1164
-1164
-1164
-1020
-1065
-1065
-1169
-1218
-1218
-1109
-1109
-1109
-1109
-1109
-1109
-1109
-1218
-1332
-1213
-1268
-1268
-1268
-1109
-1109
-1109
-1109
-1099
-1114
-1114
-1124
-1124
-1124
-1129
-1169
-1169
-1169
-1362
-1174
-1174
-1174
-1174
-1154
-1154
-1154
-1214
-1259
-1263
-1293
-1298
-1417
-1387
-1362
-1362
-1268
-1030
-1352
-1352
-1050
-1050
-1050
-1050
-1050
-1050
-1050
-1095
-1095
-1095
-1090
-1090
-1080
-1080
-1080
-1080
-1070
-1070
-1070
-1070
-1070
-1070
-1070
-1055
-1045
-1065
-1045
-1065
-1065
-1065
-1065
-1065
-1065
-1065
-1065
-1065
-1065
-1065
-1065
-1065
-1065
-1055
-1055
-1045
-1045
-1050
-1050
-1050
-1050
-1050
-1040
-1040
-1040
-1040
-1040
-1035
-1035
-1035
-1030
-1035
-1050
-1050
-1050
-1035
-1050
-1050
-1050
-1050
-1020
-1020
-1050
-1050
-1050
-1050
-1050
-1050
-1050
-1050
-1045
-1050
-1050
-1050
-1050
-1050
-1050
-1050
-1050
-1050
-1050
-1050
-1050
-1050
-1035
-1035
-1035
-1035
-1035
-1035
-1035
-1035
-1035
-1035
-1035
-1035
-1035
-1035
-1035
-1035
-1035
-1040
-1040
-1040
-1035
-1035
-1035
-1035
-1020
-1015
-1015
-1020
-1030
-1025
-1025
-1025
-1035
-1035
-1035
-1035
-1015
-1035
-1015
-1015
-1015
-1025
-1025
-1015
-1015
-1015
-1015
-1015
-1015
-1015
-1025
-1129
-1129
-1129
-1129
-1129
-1129
-1129
-1129
-1000
-1010
-1010
-1010
-1010
-1010
-1010
-1010
-1010
-1010
-1010
-1010
-1010
-1010
-1000
-985
-1020
-1020
-1020
-1020
-1010
-1010
-1010
-1010
-1010
-1010
-1010
-1010
-1010
-1010
-1010
-995
-995
-995
-995
-995
-995
-995
-995
-995
-995
-995
-995
-965
-965
-965
-955
-965
-965
-965
-965
-965
-960
-965
-965
-955
-965
-980
-980
-980
-980
-980
-980
-980
-980
-980
-980
-980
-980
-980
-980
-980
-980
-980
-980
-980
-980
-980
-980
-980
-980
-980
-980
-980
-980
-980
-980
-980
-980
-980
-980
-980
-980
-980
-980
-980
-980
-975
-975
-975
-975
-975
-975
-975
-980
-975
-975
-975
-975
-975
-1282
-980
-980
-980
-995
-995
-1277
-1293
-1282
-1282
-1268
-1268
-1268
-1268
-1268
-1268
-1268
-1207
-1268
-1268
-1198
-1190
-1190
-1190
-980
-980
-1084
-955
-955
-955
-955
-955
-955
-955
-955
-955
-955
-955
-955
-955
-955
-955
-955
-955
-955
-955
-955
-955
-955
-955
-955
-955
-955
-955
-955
-955
-955
-955
-955
-955
-955
-955
-955
-955
-955
-955
-955
-955
-955
-970
-970
-970
-970
-970
-970
-970
-970
-970
-970
-970
-970
-970
-1277
-1213
-1213
-970
-970
-1277
-1277
-1277
-1257
-1257
-1064
-1277
-1277
-1203
-1277
-1277
-1188
-1109
-1109
-990
-990
-990
-970
-970
-970
-1059
-1059
-1059
-1059
-1059
-1059
-1000
-1104
-1104
-1064
-1064
-1104
-1099
-1099
-1099
-1099
-1059
-1059
-1059
-1059
-1059
-1059
-1059
-1059
-1059
-1000
-1104
-1084
-1084
-1084
-1084
-1104
-1104
-1104
-1084
-1084
-1025
-1025
-1025
-1025
-1025
-1025
-1025
-1084
-1084
-1084
-1084
-1084
-1074
-1074
-1079
-1064
-1064
-1079
-1079
-1079
-1079
-1079
-1079
-1079
-1079
-1079
-1079
-1074
-1074
-990
-1109
-1109
-1109
-1109
-1109
-1109
-1109
-1109
-1109
-1109
-990
-990
-1109
-1109
-1109
-1109
-1109
-1109
-1109
-1109
-1109
-1109
-1109
-1094
-1094
-1094
-1094
-1094
-1094
-1094
-1109
-1109
-1109
-1109
-1094
-1094
-1109
-1327
-1223
-1303
-1303
-1303
-1303
-1303
-1303
-1303
-1134
-1134
-1134
-1134
-1134
-1243
-1243
-1243
-1090
-1090
-1060
-1060
-1060
-1060
-1090
-1075
-1075
-1075
-985
-985
-985
-1070
-1070
-1060
-1070
-1070
-1075
-1075
-1075
-1199
-1199
-1203
-1203
-1203
-1184
-1184
-1184
-985
-985
-985
-985
-985
-985
-975
-975
-975
-975
-985
-985
-985
-985
-985
-985
-985
-985
-985
-985
-985
-985
-985
-1079
-1079
-1104
-990
-990
-990
-990
-980
-980
-990
-990
-990
-990
-990
-990
-990
-990
-990
-990
-990
-980
-990
-990
-990
-990
-990
-980
-980
-980
-980
-980
-980
-980
-980
-990
-990
-990
-970
-970
-970
-970
-970
-970
-970
-970
-970
-970
-970
-970
-970
-990
-1074
-1074
-970
-1074
-1074
-970
-1074
-1074
-1074
-1074
-1074
-1074
-1074
-970
-970
-970
-970
-970
-970
-970
-970
-970
-970
-970
-965
-970
-970
-970
-965
-970
-970
-970
-970
-970
-970
-970
-970
-970
-970
-970
-970
-970
-970
-970
-970
-970
-970
-970
-970
-970
-970
-965
-965
-965
-975
-970
-970
-970
-970
-975
-975
-970
-970
-970
-970
-970
-970
-965
-970
-970
-970
-970
-970
-970
-970
-970
-970
-970
-970
-970
-970
-970
-970
-970
-970
-970
-970
-970
-970
-970
-970
-970
-970
-970
-1183
-1183
-1183
-1183
-1183
-1084
-1183
-1193
-1188
-1193
-1178
-1178
-1074
-1074
-970
-995
-995
-1074
-1074
-1074
-1074
-1074
-1074
-1074
-1074
-1074
-1074
-1074
-1020
-1020
-1020
-1020
-970
-970
-970
-970
-970
-970
-970
-970
-970
-970
-970
-970
-970
-970
-970
-970
-970
-970
-970
-970
-970
-965
-965
-965
-965
-965
-965
-965
-970
-970
-965
-965
-965
-965
-965
-965
-965
-970
-970
-970
-970
-970
-970
-955
-955
-970
-970
-970
-970
-970
-965
-965
-970
-975
-975
-975
-975
-975
-975
-975
-975
-975
-975
-975
-975
-975
-975
-975
-975
-975
-975
-975
-975
-975
-970
-970
-970
-970
-970
-970
-970
-970
-970
-970
-970
-965
-970
-970
-970
-970
-970
-1079
-970
-970
-970
-970
-965
-965
-965
-970
-965
-965
-965
-965
-965
-965
-965
-965
-965
-965
-965
-965
-965
-965
-965
-965
-965
-965
-965
-965
-965
-965
-965
-965
-965
-965
-965
-965
-965
-965
-965
-965
-965
-965
-965
-965
-965
-965
-965
-965
-965
-965
-965
-965
-965
-965
-965
-965
-965
-965
-965
-965
-965
-935
-965
-965
-965
-965
-965
-1069
-970
-965
-965
-965
-970
-970
-970
-970
-970
-970
-970
-965
-965
-965
-965
-970
-970
-970
-970
-970
-965
-965
-970
-970
-970
-970
-970
-970
-1005
-1005
-985
-985
-985
-970
-970
-970
-980
-980
-980
-980
-980
-980
-980
-980
-980
-980
-980
-980
-980
-980
-980
-980
-980
-980
-980
-980
-980
-980
-980
-980
-980
-980
-980
-980
-980
-980
-1119
-1119
-1134
-1134
-1131
-1116
-1116
-1131
-1030
-1126
-1131
-1131
-1131
-1040
-1040
-1040
-1040
-1040
-1050
-1050
-1141
-1141
-1141
-1141
-1141
-1151
-1141
-1141
-1151
-1240
-1240
-1131
-1131
-1126
-1265
-1151
-1265
-1295
-1295
-1245
-1245
-1283
-1290
-1260
-1260
-1106
-1106
-1146
-1146
-1146
-1146
-1146
-1141
-1030
-1030
-1146
-1015
-1141
-1141
-1146
-1146
-1146
-1146
-1146
-1146
-1146
-1478
-1161
-1161
-1161
-1161
-1161
-1161
-1149
-1144
-1144
-1149
-1149
-1149
-1050
-1050
-1050
-1050
-1214
-1174
-1174
-1105
-1174
-1159
-1149
-1065
-1159
-1075
-1075
-1075
-1075
-1075
-1075
-1075
-1060
-1060
-1060
-1060
-1050
-1050
-1060
-1055
-1055
-1055
-1055
-1045
-1045
-1045
-1045
-1055
-1055
-1055
-1055
-1055
-1055
-1080
-1055
-1055
-1055
-1080
-1080
-1080
-1060
-1060
-1060
-1110
-1199
-1199
-1272
-1272
-1174
-1174
-1272
-1282
-1060
-1060
-1090
-1303
-1303
-1303
-1303
-1303
-1273
-1273
-1303
-1343
-1343
-1314
-1338
-1338
-1338
-1338
-1338
-1338
-1338
-1338
-1343
-1427
-1467
-1467
-1447
-1447
-1402
-1427
-1427
-1427
-1427
-1427
-1427
-1422
-1422
-1422
-1427
-1427
-1427
-1427
-1417
-1417
-1417
-1392
-1214
-1392
-1283
-1268
-1268
-1239
-1283
-1283
-1283
-1283
-1283
-1219
-1298
-1298
-1283
-1283
-1298
-1298
-1298
-1298
-1298
-1298
-1298
-1249
-1249
-1194
-1194
-1110
-1249
-1249
-1239
-1160
-1160
-1130
-1130
-1130
-1130
-1130
-1189
-1189
-1120
-1120
-1105
-1105
-1095
-1095
-1095
-1095
-1080
-1080
-1080
-1080
-1080
-1080
-1080
-1080
-1080
-1080
-1080
-1080
-1080
-1080
-1080
-1080
-1080
-1080
-1080
-1080
-1080
-1080
-1080
-1080
-1070
-1070
-1060
-1070
-1070
-1070
-1070
-1070
-1070
-1070
-1070
-1070
-1070
-1070
-1070
-1070
-1070
-1070
-1085
-1466
-1466
-1466
-1466
-1179
-1179
-1179
-1179
-1179
-1179
-1179
-1085
-1179
-1179
-1140
-1140
-1070
-1070
-1070
-1179
-1179
-1155
-1155
-1179
-1050
-1050
-1165
-1165
-1165
-1115
-1095
-1095
-1176
-1161
-1176
-1176
-1176
-1176
-1176
-1176
-1080
-1176
-1176
-1080
-1080
-1080
-1176
-1176
-1176
-1176
-1095
-1095
-1095
-1085
-1085
-1085
-1095
-1095
-1095
-1095
-1115
-1145
-1145
-1145
-1145
-1145
-1145
-1196
-1186
-1176
-1267
-1267
-1267
-1267
-1267
-1219
-1252
-1257
-1257
-1257
-1257
-1206
-1206
-1257
-1257
-1257
-1272
-1272
-1351
-1351
-1351
-1351
-1351
-1351
-1351
-1351
-1351
-1351
-1351
-1435
-1435
-1351
-1344
-1344
-1351
-1351
-1351
-1321
-1321
-1321
-1351
-1351
-1361
-1361
-1351
-1351
-1327
-1327
-1327
-1327
-1327
-1327
-1327
-1322
-1322
-1322
-1322
-1327
-1327
-1327
-1327
-1327
-1327
-1228
-1327
-1575
-1218
-1218
-1218
-1218
-1218
-1218
-1218
-1154
-1218
-1218
-1197
-1179
-1179
-1179
-1119
-1203
-1218
-1218
-1218
-1218
-1218
-1322
-1317
-1302
-1287
-1213
-1307
-1307
-1286
-1307
-1491
-1307
-1198
-1357
-1332
-1332
-1332
-1280
-1555
-1555
-1461
-1367
-1367
-1159
-1159
-1268
-1159
-1159
-1159
-1055
-1055
-1055
-1055
-1238
-1238
-1139
-1268
-1268
-1268
-1268
-1223
-1233
-1040
-1332
-1332
-1312
-1322
-1322
-1322
-1332
-1347
-1347
-1347
-1347
-1347
-1347
-1347
-1347
-1347
-1347
-1312
-1317
-1317
-1307
-1307
-1307
-1317
-1307
-1317
-1213
-1317
-1317
-1317
-1010
-1317
-1317
-1317
-1104
-1104
-1025
-1104
-985
-985
-985
-985
-985
-985
-985
-1000
-1000
-1000
-1000
-985
-985
-985
-985
-985
-980
-980
-980
-960
-960
-960
-960
-960
-985
-985
-985
-960
-960
-985
-985
-985
-985
-985
-990
-985
-985
-985
-985
-985
-985
-985
-985
-985
-985
-985
-985
-985
-985
-1094
-1094
-1094
-1094
-1094
-1094
-1104
-1104
-1094
-1094
-1084
-1084
-1104
-1104
-1104
-1104
-1104
-990
-990
-990
-990
-990
-1000
-985
-995
-1000
-1000
-1000
-1104
-1104
-1094
-1094
-1094
-1099
-1099
-1099
-1099
-1099
-1099
-1094
-1094
-1094
-1094
-1094
-1094
-1094
-1094
-1094
-1020
-1094
-990
-990
-990
-990
-990
-990
-990
-990
-990
-1124
-1376
-1094
-1094
-1094
-1094
-1396
-1396
-1317
-1396
-1396
-1396
-1396
-1396
-1020
-1302
-1302
-990
-990
-1124
-1124
-1005
-1005
-1005
-1005
-995
-995
-985
-985
-985
-985
-1099
-1099
-1099
-1099
-1099
-1099
-1099
-1099
-1099
-1099
-1099
-1089
-1089
-1089
-1099
-1020
-1020
-1020
-1020
-1020
-1020
-1020
-1020
-1010
-1010
-1010
-1010
-1020
-1015
-1020
-1020
-1020
-1020
-1020
-1020
-1089
-1089
-1089
-985
-985
-985
-985
-1089
-1089
-1089
-1089
-1089
-1089
-1089
-980
-1025
-1089
-1089
-1089
-1089
-980
-980
-980
-980
-980
-980
-980
-980
-980
-980
-980
-980
-1144
-1159
-1187
-1074
-1074
-1074
-1074
-1074
-1074
-1167
-1167
-1167
-1167
-1066
-1167
-1167
-1167
-1167
-1177
-1177
-1177
-1172
-1167
-1074
-1074
-1074
-1167
-1167
-1187
-1370
-1386
-1386
-1386
-1386
-1307
-1307
-1307
-1227
-1227
-1227
-1188
-1289
-1289
-1289
-1227
-1227
-1227
-1227
-1227
-1227
-1232
-1232
-1232
-1232
-1111
-1111
-1111
-1111
-1111
-1111
-1111
-1111
-1111
-1111
-1091
-1111
-1111
-1111
-1111
-1111
-1040
-1040
-1040
-1040
-1040
-1040
-1040
-1040
-1111
-1111
-1111
-1111
-1111
-1111
-1111
-1111
-1111
-1111
-1111
-1111
-1111
-1111
-1106
-1111
-1111
-1111
-1111
-1111
-1086
-1086
-1086
-1086
-1086
-1086
-1086
-1020
-1020
-1020
-1020
-1020
-1111
-1111
-1111
-1010
-1010
-1010
-1010
-1111
-1111
-1111
-1111
-1111
-1111
-1111
-1111
-1111
-1111
-1111
-1111
-1111
-1111
-1111
-1111
-1111
-1111
-1096
-1096
-1096
-1096
-1096
-1096
-1096
-1096
-1096
-1096
-1096
-1096
-1010
-1010
-1010
-995
-1010
-1010
-1010
-1010
-1020
-1020
-1020
-1020
-1020
-1020
-1020
-1020
-1020
-1020
-1020
-1005
-1005
-1005
-1005
-1005
-1005
-995
-995
-1010
-1010
-1010
-1010
-1218
-1218
-1530
-1624
-1624
-1218
-1218
-1243
-1238
-1238
-1238
-1238
-1228
-1228
-1228
-1228
-1228
-1228
-1184
-1184
-1228
-1228
-1228
-1135
-1135
-1149
-1149
-1149
-1149
-1105
-1149
-1149
-1104
-1104
-1104
-1104
-1104
-1104
-1070
-1070
-1045
-1045
-1045
-1045
-1045
-1045
-995
-1030
-1030
-1020
-1020
-1020
-1020
-1020
-1020
-1020
-995
-995
-1020
-1005
-1005
-1005
-1020
-1020
-1020
-1020
-1020
-1020
-1015
-1015
-1020
-1005
-1005
-1005
-1005
-1005
-1005
-1005
-1005
-1005
-1005
-1005
-1015
-1015
-1015
-1015
-1015
-1015
-1015
-1015
-1015
-1015
-1015
-1015
-1015
-1099
-1114
-1015
-1114
-1114
-1114
-1114
-1114
-1317
-1317
-1317
-1317
-1317
-1183
-1183
-1183
-1183
-1183
-1183
-1183
-1183
-1183
-1020
-1193
-1144
-1144
-1104
-1069
-1069
-1089
-1104
-1104
-1074
-1074
-1104
-1104
-1109
-1109
-1084
-1109
-1109
-990
-990
-990
-990
-990
-1109
-1109
-1109
-1109
-1193
-1225
-1225
-1225
-1225
-1134
-1134
-1134
-1225
-1225
-1205
-1225
-1225
-1225
-1225
-1201
-1201
-1201
-1201
-1201
-1201
-1292
-1245
-1225
-1225
-1225
-1225
-1104
-1060
-1060
-1121
-1225
-1225
-1225
-1181
-1225
-1225
-1225
-1225
-1225
-1225
-1195
-1195
-1195
-1225
-1225
-1225
-1225
-1441
-1413
-1413
-1210
-1210
-1210
-1210
-1210
-1200
-1109
-1109
-1109
-1109
-1109
-1134
-1119
-1119
-1119
-1119
-1119
-1205
-1210
-1210
-1245
-1245
-1245
-1245
-1245
-1245
-1245
-1245
-1119
-1245
-1169
-1119
-1119
-1134
-1134
-1181
-1181
-1159
-1159
-1156
-1159
-1131
-1035
-1035
-1055
-1055
-1055
-1055
-1045
-1131
-1134
-1134
-1030
-1025
-1020
-1025
-1025
-1134
-1134
-1124
-1124
-1134
-1134
-1134
-1134
-1134
-1134
-1134
-1134
-1243
-1342
-1139
-1139
-1154
-1154
-1154
-1134
-1050
-1050
-1050
-1050
-1050
-1040
-1040
-1050
-1050
-1050
-1050
-1050
-1050
-1080
-1050
-1189
-1288
-1288
-1288
-1288
-1288
-1288
-1080
-1288
-1288
-1174
-1174
-1174
-1174
-1174
-1060
-1060
-1204
-1287
-1214
-1214
-1214
-1214
-1367
-1194
-1305
-1305
-1397
-1397
-1397
-1397
-1397
-1397
-1397
-1397
-1734
-1734
-1580
-1551
-1531
-1219
-1422
-1422
-1422
-1407
-1620
-1620
-1427
-1244
-1244
-1244
-1244
-1244
-1305
-1305
-1305
-1305
-1305
-1457
-1457
-1457
-1452
-1412
-1536
-1536
-1333
-1536
-1536
-1487
-1343
-1343
-1343
-1338
-1343
-1343
-1338
-1328
-1328
-1328
-1333
-1383
-1328
-1328
-1328
-1328
-1323
-1323
-1308
-1308
-1328
-1328
-1303
-1348
-1348
-1259
-1259
-1348
-1348
-1323
-1323
-1348
-1323
-1323
-1348
-1348
-1442
-1442
-1448
-1403
-1363
-1363
-1363
-1363
-1363
-1234
-1234
-1239
-1239
-1274
-1279
-1383
-1383
-1383
-1358
-1358
-1358
-1358
-1358
-1358
-1358
-1358
-1358
-1358
-1358
-1358
-1358
-1358
-1358
-1358
-1264
-1264
-1264
-1264
-1264
-1264
-1264
-1264
-1264
-1264
-1264
-1303
-1264
-1264
-1293
-1293
-1298
-1303
-1323
-1323
-1328
-1328
-1279
-1224
-1224
-1224
-1224
-1150
-1145
-1145
-1150
-1150
-1095
-1150
-1150
-1095
-1150
-1150
-1150
-1150
-1150
-1150
-1105
-1105
-1105
-1115
-1115
-1145
-1145
-1145
-1145
-1145
-1145
-1145
-1145
-1145
-1145
-1145
-1145
-1145
-1145
-1145
-1145
-1190
-1239
-1120
-1239
-1145
-1145
-1145
-1254
-1160
-1254
-1254
-1254
-1254
-1254
-1254
-1254
-1254
-1254
-1254
-1254
-1254
-1239
-1239
-1239
-1239
-1239
-1239
-1239
-1239
-1239
-1254
-1254
-1239
-1254
-1249
-1155
-1239
-1239
-1160
-1160
-1239
-1239
-1239
-1239
-1239
-1239
-1239
-1239
-1239
-1239
-1239
-1239
-1234
-1234
-1234
-1234
-1234
-1234
-1234
-1234
-1234
-1234
-1239
-1239
-1239
-1239
-1239
-1239
-1239
-1229
-1229
-1239
-1239
-1239
-1239
-1239
-1239
-1239
-1239
-1120
-1120
-1120
-1120
-1120
-1120
-1120
-1120
-1120
-1120
-1120
-1120
-1105
-1120
-1120
-1120
-1120
-1120
-1120
-1120
-1120
-1120
-1120
-1120
-1120
-1120
-1120
-1120
-1120
-1080
-1080
-1120
-1120
-1120
-1120
-1120
-1120
-1120
-1120
-1120
-1120
-1120
-1120
-1120
-1120
-1120
-1120
-1120
-1120
-1120
-1120
-1120
-1120
-1115
-1120
-1120
-1120
-1120
-1120
-1120
-1120
-1120
-1120
-1120
-1120
-1120
-1120
-1120
-1120
-1120
-1120
-1120
-1120
-1120
-1105
-1105
-1105
-1105
-1105
-1105
-1105
-1105
-1105
-1105
-1105
-1100
-1100
-1100
-1120
-1105
-1105
-1105
-1105
-1105
-1105
-1105
-1105
-1105
-1105
-1105
-1105
-1105
-1105
-1105
-1105
-1105
-1105
-1105
-1090
-1105
-1105
-1105
-1105
-1105
-1105
-1105
-1105
-1105
-1105
-1105
-1105
-1105
-1105
-1105
-1105
-1105
-1105
-1105
-1105
-1105
-1105
-1105
-1105
-1105
-1105
-1105
-1105
-1105
-1105
-1105
-1105
-1105
-1105
-1095
-1095
-1095
-1095
-1105
-1105
-1105
-1105
-1105
-1105
-1105
-1105
-1105
-1105
-1105
-1105
-1105
-1105
-1105
-1105
-1105
-1105
-1105
-1105
-1105
-1105
-1105
-1105
-1105
-1105
-1105
-1105
-1115
-1105
-1105
-1110
-1298
-1298
-1298
-1199
-1298
-1204
-1204
-1298
-1204
-1204
-1204
-1204
-1204
-1204
-1105
-1105
-1105
-1105
-1105
-1105
-1105
-1105
-1105
-1100
-1105
-1105
-1105
-1105
-1105
-1105
-1105
-1105
-1105
-1105
-1150
-1209
-1209
-1105
-1105
-1105
-1105
-1105
-1105
-1105
-1105
-1105
-1105
-1105
-1105
-1105
-1105
-1130
-1130
-1130
-1130
-1130
-1130
-1130
-1130
-1130
-1130
-1130
-1130
-1130
-1130
-1130
-1130
-1251
-1110
-1251
-1251
-1226
-1226
-1226
-1246
-1246
-1246
-1246
-1246
-1246
-1246
-1246
-1246
-1246
-1246
-1105
-1105
-1105
-1105
-1105
-1105
-1105
-1105
-1105
-1105
-1105
-1105
-1105
-1105
-1105
-1105
-1105
-1105
-1105
-1105
-1105
-1105
-1105
-1105
-1105
-1105
-1105
-1105
-1115
-1115
-1115
-1115
-1115
-1115
-1115
-1115
-1115
-1115
-1115
-1115
-1115
-1110
-1110
-1095
-1095
-1095
-1070
-1095
-1095
-1070
-1070
-1070
-1070
-1060
-1060
-1070
-1170
-1170
-1170
-1180
-1185
-1185
-1185
-1185
-1299
-1249
-1249
-1249
-1249
-1230
-1230
-1249
-1249
-1249
-1249
-1249
-1249
-1433
-1433
-1433
-1358
-1259
-1259
-1259
-1259
-1259
-1259
-1259
-1259
-1259
-1140
-1140
-1140
-1140
-1140
-1140
-1140
-1140
-1140
-1140
-1140
-1140
-1140
-1140
-1140
-1140
-1140
-1140
-1140
-1140
-1140
-1140
-1140
-1140
-1140
-1140
-1140
-1135
-1130
-1130
-1130
-1130
-1130
-1130
-1130
-1130
-1130
-1130
-1130
-1125
-1125
-1130
-1130
-1130
-1130
-1130
-1130
-1130
-1130
-1130
-1130
-1130
-1130
-1130
-1130
-1130
-1130
-1130
-1130
-1130
-1130
-1130
-1130
-1100
-1100
-1100
-1100
-1100
-1100
-1100
-1100
-1100
-1100
-1100
-1100
-1100
-1100
-1100
-1100
-1100
-1140
-1140
-1140
-1140
-1140
-1140
-1140
-1145
-1140
-1115
-1115
-1115
-1115
-1115
-1115
-1115
-1115
-1115
-1115
-1145
-1145
-1145
-1145
-1145
-1145
-1145
-1145
-1145
-1145
-1145
-1145
-1145
-1145
-1145
-1145
-1145
-1145
-1140
-1140
-1140
-1140
-1125
-1125
-1145
-1145
-1145
-1135
-1135
-1135
-1135
-1135
-1135
-1130
-1145
-1145
-1145
-1150
-1150
-1150
-1150
-1150
-1150
-1150
-1150
-1150
-1140
-1140
-1140
-1140
-1140
-1120
-1120
-1120
-1120
-1120
-1120
-1120
-1120
-1120
-1155
-1155
-1135
-1135
-1155
-1135
-1135
-1135
-1135
-1160
-1160
-1160
-1160
-1110
-1110
-1110
-1110
-1110
-1110
-1110
-1110
-1110
-1110
-1110
-1105
-1095
-1110
-1110
-1110
-1095
-1338
-1338
-1397
-1397
-1397
-1090
-1090
-1090
-1090
-1095
-1095
-1095
-1095
-1120
-1392
-1105
-1199
-1397
-1313
-1397
-1278
-1204
-1204
-1204
-1204
-1278
-1184
-1184
-1184
-1184
-1184
-1184
-1184
-1184
-1184
-1184
-1184
-1184
-1184
-1184
-1184
-1184
-1184
-1080
-1080
-1080
-1075
-1075
-1075
-1080
-1080
-1100
-1080
-1085
-1085
-1080
-1080
-1080
-1149
-1149
-1189
-1189
-1189
-1189
-1189
-1184
-1184
-1184
-1184
-1184
-1080
-1080
-1184
-1184
-1184
-1184
-1184
-1184
-1184
-1184
-1184
-1184
-1184
-1184
-1184
-1184
-1075
-1184
-1184
-1184
-1184
-1184
-1174
-1174
-1174
-1174
-1174
-1174
-1174
-1174
-1149
-1174
-1174
-1209
-1209
-1209
-1209
-1184
-1184
-1184
-1184
-1184
-1199
-1209
-1209
-1209
-1209
-1209
-1209
-1224
-1219
-1219
-1219
-1204
-1204
-1090
-1090
-1090
-1090
-1090
-1090
-1090
-1065
-1065
-1065
-1065
-1065
-1065
-1065
-1065
-1065
-1045
-1045
-1060
-1060
-1060
-1060
-1060
-1060
-1060
-1060
-1060
-1060
-1060
-1060
-1060
-1060
-1055
-1055
-1040
-1055
-1050
-1050
-1040
-1050
-1050
-1050
-1050
-1050
-1050
-1050
-1050
-1050
-1055
-1055
-1055
-1055
-1055
-1055
-1055
-1055
-1055
-1055
-1055
-1055
-1055
-1055
-1060
-1256
-1278
-1278
-1273
-1075
-1075
-1075
-1075
-1075
-1070
-1070
-1196
-1196
-1196
-1387
-1387
-1387
-1387
-1387
-1387
-1377
-1377
-1397
-1402
-1402
-1402
-1402
-1387
-1387
-1387
-1402
-1402
-1402
-1298
-1298
-1298
-1199
-1199
-1199
-1313
-1199
-1199
-1199
-1085
-1085
-1313
-1313
-1313
-1313
-1273
-1333
-1387
-1402
-1402
-1199
-1328
-1328
-1199
-1199
-1402
-1377
-1377
-1397
-1372
-1372
-1372
-1372
-1372
-1293
-1293
-1293
-1397
-1392
-1397
-1446
-1506
-1471
-1461
-1461
-1293
-1451
-1293
-1371
-1318
-1283
-1283
-1293
-1293
-1293
-1293
-1293
-1293
-1293
-1397
-1293
-1293
-1293
-1397
-1293
-1293
-1293
-1293
-1318
-1288
-1214
-1174
-1214
-1214
-1219
-1219
-1219
-1219
-1219
-1134
-1134
-1169
-1134
-1134
-1134
-1263
-1263
-1288
-1288
-1382
-1382
-1372
-1263
-1273
-1273
-1273
-1273
-1273
-1263
-1342
-1357
-1357
-1357
-1357
-1357
-1575
-1575
-1575
-1605
-1605
-1659
-1659
-1580
-1580
-1476
-1699
-1699
-1511
-1511
-1511
-1506
-1516
-1511
-1481
-1511
-1417
-1383
-1397
-1308
-1308
-1308
-1308
-1308
-1308
-1303
-1239
-1155
-1392
-1184
-1184
-1184
-1184
-1174
-1174
-1174
-1174
-1060
-1174
-1174
-1174
-1174
-1159
-1159
-1159
-1159
-1159
-1159
-1169
-1169
-1169
-1169
-1169
-1204
-1204
-1204
-1204
-1154
-1154
-1154
-1154
-1154
-1154
-1154
-1154
-1204
-1204
-1204
-1204
-1204
-1204
-1268
-1268
-1100
-1100
-1159
-1159
-1159
-1268
-1268
-1268
-1179
-1154
-1179
-1268
-1308
-1315
-1315
-1373
-1373
-1477
-1511
-1523
-1523
-1523
-1523
-1382
-1523
-1523
-1523
-1523
-1528
-1459
-1459
-1459
-1558
-1305
-1186
-1186
-1528
-1528
-1543
-1543
-1533
-1330
-1330
-1330
-1330
-1330
-1330
-1335
-1335
-1335
-1335
-1335
-1509
-1509
-1509
-1489
-1484
-1484
-1370
-1375
-1375
-1413
-1565
-1474
-1474
-1474
-1464
-1494
-1494
-1565
-1474
-1474
-1474
-1474
-1474
-1375
-1375
-1355
-1355
-1355
-1355
-1291
-1291
-1291
-1276
-1261
-1261
-1261
-1291
-1291
-1291
-1405
-1271
-1271
-1498
-1498
-1382
-1577
-1577
-1577
-1497
-1497
-1497
-1497
-1592
-1503
-1518
-1518
-1592
-1390
-1390
-1390
-1380
-1380
-1259
-1259
-1259
-1318
-1318
-1318
-1333
-1453
-1453
-1453
-1349
-1587
-1587
-1483
-1483
-1483
-1483
-1483
-1299
-1299
-1428
-1483
-1483
-1483
-1483
-1483
-1392
-1392
-1461
-1461
-1348
-1348
-1348
-1348
-1348
-1348
-1256
-1348
-1358
-1358
-1358
-1437
-1437
-1442
-1442
-1363
-1363
-1363
-1363
-1363
-1358
-1358
-1358
-1249
-1249
-1249
-1249
-1264
-1244
-1244
-1244
-1251
-1244
-1244
-1244
-1244
-1244
-1244
-1244
-1244
-1170
-1244
-1244
-1244
-1244
-1244
-1244
-1160
-1160
-1135
-1135
-1135
-1135
-1135
-1135
-1120
-1135
-1135
-1135
-1135
-1135
-1135
-1120
-1120
-1130
-1130
-1130
-1125
-1125
-1125
-1125
-1125
-1125
-1125
-1125
-1125
-1120
-1125
-1125
-1125
-1120
-1125
-1110
-1110
-1110
-1110
-1110
-1110
-1110
-1110
-1110
-1110
-1110
-1100
-1110
-1110
-1110
-1100
-1100
-1100
-1100
-1110
-1110
-1110
-1095
-1105
-1105
-1105
-1110
-1110
-1110
-1110
-1110
-1110
-1110
-1110
-1110
-1090
-1090
-1090
-1090
-1090
-1090
-1090
-1090
-1090
-1090
-1090
-1090
-1090
-1090
-1090
-1090
-1090
-1090
-1090
-1090
-1070
-1070
-1070
-1055
-1055
-1050
-1065
-1065
-1055
-1065
-1060
-1060
-1060
-1060
-1060
-1060
-1030
-1030
-1060
-1060
-1065
-1065
-1065
-1065
-1050
-1050
-1050
-1065
-1065
-1065
-1065
-1065
-1140
-1140
-1140
-1140
-1065
-1065
-1060
-1065
-1065
-1065
-1060
-1065
-1065
-1065
-1065
-1065
-1065
-1065
-1065
-1065
-1060
-1060
-1060
-1060
-1045
-1045
-1045
-1060
-1060
-1065
-1060
-1060
-1060
-1060
-1065
-1065
-1065
-1065
-1065
-1065
-1065
-1065
-1065
-1065
-1065
-1065
-1065
-1065
-1065
-1065
-1065
-1065
-1065
-1060
-1055
-1060
-1060
-1060
-1060
-1060
-1060
-1060
-1060
-1060
-1060
-1065
-1065
-1060
-1060
-1060
-1060
-1060
-1060
-1055
-1055
-1055
-1055
-1040
-1040
-1040
-1040
-1040
-1035
-1040
-1040
-1035
-1035
-1035
-1035
-1035
-1030
-1035
-1035
-1035
-1040
-1040
-1035
-1035
-1035
-1040
-1025
-1025
-1025
-1025
-1025
-1025
-1025
-1025
-1025
-1025
-1030
-1030
-1035
-1040
-1040
-1040
-1040
-1040
-1040
-1040
-1025
-1025
-1025
-1025
-1025
-1025
-1025
-1025
-1025
-1040
-1040
-1040
-1174
-1174
-1268
-1268
-1268
-1070
-1070
-1055
-1055
-1070
-1070
-1095
-1090
-1090
-1090
-1090
-1090
-1144
-1144
-1144
-1144
-1144
-1179
-1179
-1154
-1129
-1179
-1179
-1179
-1179
-1159
-1159
-1154
-1159
-1154
-1154
-1154
-1174
-1174
-1095
-1095
-1095
-1095
-1095
-1095
-1095
-1095
-1095
-1090
-1090
-1090
-1095
-1085
-1085
-1085
-1095
-1095
-1100
-1095
-1100
-1070
-1070
-1100
-1100
-1100
-1100
-1100
-1100
-1100
-1100
-1100
-1100
-1100
-1100
-1095
-1065
-1065
-1065
-1065
-1065
-1100
-1100
-1100
-1090
-1090
-1100
-1100
-1100
-1100
-1100
-1100
-1100
-1100
-1095
-1095
-1095
-1095
-1095
-1100
-1080
-1080
-1075
-1080
-1080
-1080
-1080
-1080
-1080
-1095
-1095
-1080
-1090
-1095
-1095
-1100
-1100
-1100
-1100
-1100
-1100
-1100
-1100
-1075
-1075
-1080
-1080
-1080
-1080
-1080
-1095
-1184
-1184
-1060
-1174
-1174
-1140
-1184
-1184
-1080
-1080
-1095
-1065
-1095
-1095
-1095
-1095
-1080
-1095
-1080
-1080
-1080
-1080
-1080
-1080
-1070
-1070
-1070
-1045
-1045
-1045
-1045
-1040
-1050
-1050
-1040
-1040
-1040
-1040
-1040
-1040
-1040
-1030
-1030
-1030
-1030
-1030
-1030
-1040
-1040
-1040
-1040
-1040
-1040
-1040
-1040
-1040
-1040
-1040
-1040
-1040
-1040
-1040
-1025
-1025
-1025
-1025
-1025
-1025
-1025
-1040
-1065
-1065
-1040
-1040
-1040
-1075
-1095
-1040
-1075
-1060
-1060
-1060
-1060
-1060
-1060
-1164
-1164
-1164
-1164
-1164
-1164
-1164
-1164
-1164
-1090
-1075
-1075
-1075
-1075
-1075
-1075
-1075
-1075
-1075
-1075
-1075
-1075
-1075
-1075
-1075
-1075
-1075
-1055
-1075
-1075
-1075
-1075
-1075
-1075
-1075
-1075
-1075
-1075
-1075
-1060
-1075
-1075
-1075
-1075
-1075
-1075
-1075
-1075
-1075
-1075
-1075
-1075
-1075
-1055
-1075
-1075
-1075
-1075
-1070
-1070
-1070
-1070
-1070
-1070
-1080
-1105
-1105
-1105
-1105
-1174
-1204
-1204
-1204
-1204
-1169
-1204
-1105
-1164
-1164
-1065
-1139
-1159
-1159
-1159
-1159
-1159
-1105
-1065
-1065
-1040
-1040
-1065
-1065
-1065
-1065
-1065
-1065
-1075
-1065
-1065
-1065
-1065
-1065
-1065
-1065
-1065
-1065
-1060
-1060
-1060
-1060
-1040
-1040
-1040
-1040
-1060
-1060
-1060
-1060
-1060
-1060
-1060
-1065
-1065
-1065
-1065
-1065
-1065
-1065
-1065
-1065
-1065
-1065
-1065
-1055
-1055
-1065
-1273
-1273
-1233
-1233
-1233
-1224
-1233
-1233
-1228
-1070
-1228
-1228
-1228
-1228
-1199
-1040
-1040
-1040
-1040
-1040
-1040
-1035
-1035
-1035
-1035
-1035
-1035
-1030
-1035
-1035
-1035
-1035
-1035
-1035
-1035
-1035
-1035
-1035
-1035
-1035
-1035
-1035
-1035
-1035
-1035
-1045
-1045
-1045
-1045
-1045
-1045
-1045
-1045
-1045
-1045
-1045
-1045
-1045
-1045
-1045
-1045
-1045
-1045
-1040
-1040
-1040
-1040
-1040
-1040
-1035
-1040
-1040
-1040
-1040
-1040
-1040
-1040
-1040
-1040
-1040
-1040
-1000
-1040
-1040
-1040
-1040
-1040
-1040
-1040
-1040
-1040
-1040
-1040
-1040
-1040
-1040
-1040
-1040
-1040
-1040
-1040
-1040
-1040
-1040
-1040
-1040
-1040
-1040
-1040
-1243
-1243
-1243
-1134
-1149
-1134
-1134
-1134
-1134
-1134
-1134
-1134
-1134
-1134
-1134
-1134
-1134
-1134
-1134
-1134
-1134
-1134
-1134
-1134
-1134
-1134
-1134
-1104
-1134
-1134
-1134
-1134
-1134
-1134
-1134
-1134
-1104
-1104
-1104
-1134
-1134
-1134
-1134
-1134
-1134
-1134
-1134
-1134
-1134
-1040
-1134
-1134
-1035
-1010
-1030
-1030
-1129
-1025
-1025
-1025
-1025
-1025
-1025
-1025
-1025
-1025
-1139
-1010
-1139
-1139
-1010
-1010
-1010
-1010
-1010
-1010
-1010
-1010
-1010
-1010
-1010
-1010
-1010
-1010
-1010
-1010
-1010
-1005
-1010
-1010
-1010
-1010
-1010
-1010
-1010
-1010
-1005
-1005
-1010
-1010
-1010
-1010
-1010
-1015
-1050
-1050
-1084
-1084
-1084
-1084
-1084
-1074
-1099
-1173
-1173
-1084
-1084
-1084
-1089
-1302
-1478
-1654
-1541
-1476
-1451
-1451
-1451
-1451
-1159
-1159
-1159
-1243
-1243
-1164
-1243
-1243
-1243
-1243
-1243
-1243
-1238
-1243
-1243
-1243
-1243
-1243
-1347
-1263
-1461
-1465
-1342
-1342
-1342
-1342
-1129
-1446
-1362
-1268
-1446
-1436
-1213
-1079
-1079
-1079
-1079
-1245
-1245
-1297
-1198
-1084
-1084
-1084
-1084
-1084
-1099
-1297
-1401
-1079
-1079
-1079
-1079
-1079
-1079
-1079
-1074
-1079
-1079
-980
-980
-980
-980
-980
-980
-980
-980
-980
-980
-980
-980
-980
-980
-980
-980
-980
-980
-980
-980
-980
-980
-980
-980
-980
-980
-980
-980
-980
-980
-980
-980
-980
-980
-980
-980
-980
-980
-980
-980
-980
-980
-980
-980
-980
-980
-980
-980
-980
-980
-980
-980
-980
-980
-980
-980
-980
-980
-980
-980
-980
-980
-980
-980
-980
-985
-985
-985
-985
-985
-985
-985
-985
-985
-985
-985
-955
-980
-980
-980
-980
-965
-965
-965
-975
-975
-975
-975
-975
-975
-965
-975
-975
-975
-1076
-965
-965
-965
-960
-960
-955
-960
-960
-960
-960
-960
-965
-965
-965
-965
-965
-965
-965
-965
-965
-965
-960
-965
-965
-965
-965
-960
-960
-960
-960
-960
-960
-960
-960
-960
-960
-960
-960
-955
-955
-960
-960
-960
-960
-960
-960
-960
-960
-960
-960
-960
-960
-960
-960
-960
-960
-960
-960
-960
-960
-960
-960
-960
-960
-960
-960
-960
-960
-960
-960
-960
-960
-960
-960
-960
-960
-960
-960
-960
-960
-960
-955
-955
-955
-955
-955
-955
-955
-955
-955
-955
-955
-955
-955
-955
-955
-955
-955
-955
-955
-955
-955
-955
-955
-940
-955
-945
-955
-955
-955
-955
-955
-955
-955
-955
-955
-955
-955
-955
-955
-955
-955
-955
-955
-955
-955
-955
-955
-955
-955
-955
-955
-955
-955
-955
-955
-955
-955
-955
-955
-955
-955
-955
-955
-955
-955
-955
-955
-955
-955
-955
-955
-955
-955
-955
-955
-955
-955
-955
-955
-955
-955
-955
-955
-955
-955
-955
-955
-955
-955
-955
-955
-945
-945
-945
-945
-945
-945
-955
-955
-955
-955
-955
-955
-955
-950
-950
-950
-950
-955
-955
-955
-955
-955
-955
-955
-955
-955
-955
-955
-955
-955
-955
-955
-955
-955
-940
-955
-955
-955
-955
-955
-955
-955
-955
-955
-955
-935
-935
-935
-935
-955
-955
-955
-955
-1059
-1059
-1059
-1059
-1059
-1059
-1059
-1059
-1054
-1059
-1059
-1059
-955
-955
-955
-955
-955
-955
-955
-955
-955
-955
-955
-955
-955
-955
-955
-955
-955
-955
-955
-955
-955
-955
-955
-955
-955
-955
-955
-955
-955
-955
-955
-955
-955
-955
-955
-955
-955
-955
-955
-955
-955
-955
-955
-955
-955
-955
-955
-955
-955
-955
-955
-955
-955
-955
-955
-955
-955
-980
-1167
-1167
-1167
-1167
-1059
-1059
-1059
-1059
-1059
-1059
-1059
-1203
-960
-1161
-1089
-1161
-1161
-1161
-1161
-1000
-1000
-1161
-1161
-1161
-980
-980
-980
-980
-985
-980
-980
-980
-980
-980
-980
-980
-980
-1109
-1163
-1163
-1163
-1163
-1163
-1000
-1000
-960
-960
-960
-960
-960
-960
-960
-960
-1094
-1163
-1163
-1163
-1000
-1000
-965
-965
-965
-965
-965
-965
-1109
-1109
-1163
-1163
-1163
-1163
-1163
-1158
-1158
-995
-1158
-960
-960
-960
-1158
-1153
-1158
-955
-1158
-1158
-1158
-1158
-1158
-1163
-1163
-1163
-1163
-1163
-1163
-960
-960
-960
-1168
-1168
-1168
-1168
-1168
-1168
-965
-965
-965
-965
-965
-965
-965
-965
-965
-955
-955
-955
-955
-955
-955
-955
-955
-955
-955
-955
-955
-955
-955
-955
-955
-955
-955
-955
-955
-955
-955
-955
-955
-955
-955
-955
-955
-970
-1172
-1172
-1172
-1291
-1233
-1198
-1153
-1153
-1153
-1099
-1153
-940
-975
-975
-975
-960
-975
-975
-975
-980
-980
-970
-970
-970
-970
-970
-970
-970
-970
-970
-955
-950
-950
-950
-950
-985
-985
-985
-1020
-1020
-1020
-1020
-1020
-1168
-1168
-980
-1269
-1292
-1188
-1188
-1188
-1188
-1188
-1188
-1188
-1149
-1188
-1193
-1193
-1193
-1203
-1203
-1203
-1188
-1188
-1188
-1203
-1193
-1193
-1193
-1182
-1182
-1182
-1182
-1198
-1198
-1198
-1177
-1182
-1182
-1182
-1089
-1182
-1182
-975
-970
-970
-970
-970
-965
-970
-970
-965
-970
-970
-970
-970
-970
-960
-960
-970
-965
-980
-980
-955
-955
-955
-955
-955
-955
-955
-955
-935
-945
-970
-970
-970
-970
-1071
-970
-955
-950
-1061
-1198
-1158
-1143
-1061
-1061
-1081
-1081
-970
-970
-970
-970
-970
-970
-970
-970
-970
-985
-970
-985
-985
-980
-980
-970
-970
-970
-970
-970
-970
-970
-970
-970
-970
-970
-970
-970
-970
-970
-970
-970
-955
-970
-970
-970
-970
-955
-965
-965
-965
-965
-960
-965
-970
-970
-970
-970
-970
-970
-970
-970
-970
-970
-970
-970
-970
-970
-970
-970
-970
-970
-970
-970
-970
-970
-965
-970
-970
-970
-970
-970
-970
-970
-970
-975
-985
-985
-970
-970
-970
-970
-970
-985
-985
-985
-985
-1091
-1091
-1091
-1091
-1025
-1025
-1025
-1025
-1025
-1025
-985
-1020
-1020
-1020
-1020
-1020
-1020
-965
-1020
-1020
-1020
-1010
-1010
-1010
-1010
-1010
-1010
-1080
-1095
-1095
-1095
-1095
-1095
-1095
-1095
-1095
-1095
-1090
-1090
-1090
-1090
-1090
-1095
-1199
-1199
-1298
-1298
-1273
-1199
-1199
-1412
-1412
-1323
-1323
-1323
-1298
-1100
-1100
-1100
-1100
-1100
-1100
-1100
-1080
-1090
-1090
-1090
-1090
-1090
-1090
-1070
-1070
-1020
-1020
-1065
-1070
-1070
-1070
-1070
-1070
-1070
-1070
-1075
-1075
-1075
-1075
-1075
-1075
-1075
-1075
-1075
-1357
-1387
-1343
-1258
-1258
-1258
-1322
-1015
-1060
-1060
-1060
-1060
-1060
-1060
-1060
-1040
-1040
-1040
-1040
-1040
-1040
-1040
-1040
-1020
-1020
-1020
-1040
-1035
-1035
-1040
-1040
-990
-990
-1010
-1010
-1263
-1050
-1050
-1050
-1050
-1050
-1050
-1050
-1050
-1050
-1139
-1139
-1139
-1139
-1139
-1139
-1139
-1144
-1144
-1144
-1144
-1258
-1258
-1258
-995
-1199
-1199
-1199
-1199
-1199
-1253
-1253
-1253
-1253
-1030
-1030
-1139
-1139
-1139
-1139
-1139
-1139
-1050
-1134
-1050
-1050
-1050
-1035
-1035
-1050
-1035
-1035
-1035
-1035
-1035
-1035
-1035
-1228
-1228
-1208
-1208
-1198
-1198
-1173
-1322
-1273
-1164
-1164
-1159
-1164
-1164
-1164
-1164
-1164
-1159
-1164
-1164
-1372
-1184
-1184
-1184
-1258
-1164
-1164
-1164
-1164
-1164
-1164
-1060
-1060
-1060
-1060
-1060
-1060
-1060
-1060
-1060
-1060
-1060
-1060
-1060
-1060
-1060
-1060
-1060
-1060
-1060
-1060
-1174
-1060
-1060
-1060
-1060
-1060
-1060
-1060
-1060
-1060
-1060
-1060
-1060
-1060
-1060
-1060
-1045
-1045
-1060
-1045
-1045
-1045
-1045
-1050
-1050
-1050
-1060
-1060
-1159
-1159
-1159
-1159
-1075
-1075
-1075
-1075
-1075
-1075
-1075
-1075
-1075
-1075
-1075
-1075
-1075
-1070
-1075
-1260
-1075
-1075
-1075
-1075
-1179
-1075
-1075
-1154
-1075
-1075
-1075
-1075
-1085
-1085
-1085
-1085
-1144
-1144
-1144
-1144
-1144
-1144
-1144
-1144
-1144
-1144
-1144
-1144
-1144
-1144
-1154
-1159
-1070
-1070
-1070
-1070
-1070
-1070
-1184
-1184
-1070
-1070
-1070
-1070
-1070
-1070
-1179
-1154
-1154
-1248
-1233
-1233
-1228
-1164
-1248
-1238
-1154
-1154
-1154
-1154
-1154
-1154
-1154
-1030
-1030
-1030
-1030
-1030
-1030
-1025
-1025
-1025
-1025
-1025
-1020
-1154
-1154
-1154
-1129
-1129
-1040
-1129
-1149
-1149
-1149
-1144
-1149
-1149
-1149
-1149
-1149
-1149
-1055
-1055
-1313
-1242
-1242
-1201
-1070
-1201
-1201
-1196
-1201
-1201
-1201
-1206
-1206
-1206
-1206
-1201
-1196
-1181
-1196
-1196
-1196
-1196
-1196
-1196
-1196
-1171
-1070
-1171
-1171
-1141
-1141
-1141
-1141
-1141
-1141
-1141
-1141
-1141
-1141
-1141
-1141
-1141
-1141
-1141
-1141
-1141
-1141
-1141
-1141
-1141
-1141
-1141
-1141
-1141
-1141
-1131
-1131
-1040
-1116
-1116
-1116
-1091
-1091
-1086
-1086
-1086
-1086
-1086
-1086
-1091
-1091
-1091
-1091
-1091
-1091
-1091
-1091
-1091
-1086
-1086
-985
-985
-985
-1091
-1091
-1091
-1091
-1091
-1091
-1091
-1091
-1091
-1111
-1111
-1111
-1111
-1111
-1111
-1111
-1086
-1086
-1086
-1020
-1020
-980
-980
-980
-1050
-1050
-1086
-1086
-1086
-1086
-1086
-1086
-1086
-1086
-1086
-980
-980
-1089
-1094
-1218
-1218
-1089
-1089
-1089
-1238
-1238
-1238
-1223
-1223
-1223
-1218
-1223
-1000
-1000
-1000
-1000
-1000
-1000
-1000
-1000
-1000
-995
-1015
-1000
-1000
-1000
-1000
-1000
-1000
-1000
-1000
-1000
-1000
-1101
-1099
-1091
-1000
-1010
-1010
-1010
-985
-985
-1000
-1000
-1000
-1000
-1000
-990
-985
-985
-985
-985
-985
-985
-980
-980
-980
-980
-980
-980
-980
-980
-980
-980
-980
-980
-965
-965
-965
-965
-965
-965
-965
-965
-965
-980
-980
-965
-980
-980
-980
-980
-980
-980
-980
-980
-980
-980
-980
-980
-980
-980
-965
-965
-980
-980
-990
-990
-990
-990
-1089
-1089
-1129
-1213
-1213
-1292
-1292
-1253
-1253
-1342
-1327
-1327
-1327
-1126
-1126
-1121
-1126
-1126
-1126
-1126
-1126
-1126
-1126
-1126
-1126
-1126
-1126
-1126
-1126
-1126
-1126
-1323
-1354
-1354
-1354
-1349
-1349
-1354
-1354
-1354
-1354
-1327
-1111
-1111
-1111
-1111
-1111
-1111
-1126
-1327
-1327
-1235
-1235
-1220
-1227
-1235
-1121
-1302
-1287
-1287
-990
-1287
-1287
-1287
-1287
-1287
-1197
-1287
-1292
-1299
-1299
-1299
-1299
-1299
-1299
-1312
-1318
-1299
-1313
-1313
-1299
-1187
-1195
-1299
-1215
-1299
-1299
-1299
-1299
-1299
-1318
-1318
-1318
-1318
-1318
-1318
-1318
-1318
-1323
-1515
-1510
-1515
-1515
-1717
-1717
-1644
-1633
-1633
-1595
-1554
-1390
-1390
-1540
-1633
-1450
-1450
-1450
-1450
-1435
-1381
-1450
-1379
-1379
-1313
-1460
-1460
-1399
-1399
-1288
-1379
-1379
-1379
-1374
-1374
-1379
-1521
-1308
-1204
-1204
-1204
-1204
-1308
-1308
-1308
-1308
-1308
-1308
-1308
-1308
-1308
-1135
-1135
-1353
-1209
-1259
-1259
-1184
-1184
-1259
-1259
-1249
-1249
-1254
-1254
-1254
-1249
-1155
-1140
-1254
-1254
-1254
-1254
-1254
-1254
-1254
-1254
-1254
-1254
-1254
-1254
-1254
-1254
-1254
-1254
-1249
-1150
-1155
-1239
-1239
-1239
-1239
-1229
-1239
-1249
-1249
-1249
-1249
-1115
-1115
-1254
-1155
-1155
-1155
-1155
-1155
-1155
-1274
-1269
-1343
-1343
-1264
-1244
-1244
-1244
-1264
-1264
-1229
-1229
-1229
-1184
-1184
-1184
-1164
-1184
-1184
-1184
-1184
-1164
-1164
-1164
-1184
-1184
-1184
-1184
-1184
-1184
-1184
-1184
-1184
-1184
-1184
-1184
-1268
-1268
-1263
-1263
-1268
-1268
-1268
-1268
-1159
-1164
-1164
-1164
-1164
-1263
-1263
-1263
-1255
-1255
-1354
-1352
-1352
-1352
-1352
-1332
-1312
-1312
-1312
-1312
-1282
-1282
-1337
-1382
-1382
-1243
-1243
-1243
-1243
-1243
-1223
-1109
-1109
-1109
-1099
-1109
-1000
-1000
-1000
-1000
-1000
-1000
-1000
-990
-990
-990
-990
-990
-990
-990
-990
-990
-990
-990
-990
-990
-990
-990
-990
-990
-990
-990
-990
-990
-990
-990
-1193
-1109
-1089
-1089
-1089
-1287
-1287
-1079
-1079
-1079
-1079
-1183
-1183
-990
-990
-990
-985
-960
-1000
-1111
-1111
-985
-1287
-1267
-1287
-1262
-1173
-1173
-1173
-1064
-1064
-1064
-1158
-1158
-955
-955
-955
-955
-955
-955
-955
-955
-1015
-1069
-1069
-1158
-1158
-1158
-1158
-1158
-1158
-1158
-1084
-1158
-1158
-1158
-1158
-1158
-1158
-1158
-975
-1158
-1158
-1158
-1158
-1158
-1158
-1158
-955
-955
-955
-955
-955
-955
-955
-955
-955
-955
-955
-955
-955
-955
-955
-955
-955
-955
-955
-955
-955
-955
-955
-955
-955
-955
-955
-955
-955
-955
-955
-955
-955
-955
-955
-955
-935
-955
-955
-955
-955
-955
-955
-955
-955
-955
-955
-955
-955
-955
-955
-955
-955
-955
-955
-955
-955
-1005
-1005
-1005
-1069
-1069
-1025
-1069
-1069
-1069
-995
-995
-995
-995
-995
-995
-995
-995
-995
-995
-995
-995
-995
-995
-995
-995
-995
-995
-995
-995
-995
-995
-995
-995
-995
-995
-995
-995
-995
-995
-995
-995
-995
-995
-995
-995
-995
-995
-995
-995
-995
-995
-995
-995
-995
-995
-995
-995
-995
-995
-995
-995
-995
-1025
-1025
-1025
-1025
-1025
-1025
-1025
-995
-995
-1025
-1025
-1025
-1005
-1015
-1015
-1015
-1005
-1005
-1005
-1005
-1005
-1005
-1005
-1005
-1005
-1025
-1025
-1025
-1025
-1025
-1025
-1025
-1025
-1025
-1025
-1025
-1025
-1025
-1025
-1025
-1025
-1025
-1025
-1025
-1025
-1025
-1025
-1025
-1025
-1025
-1000
-1000
-1025
-1025
-1025
-1025
-1025
-1025
-1025
-1025
-1025
-1025
-1025
-1025
-1025
-1025
-1025
-1025
-1020
-1025
-1025
-1025
-1025
-1025
-1318
-1273
-1035
-1035
-1035
-1035
-1035
-1209
-1139
-1139
-1139
-1139
-1129
-1124
-1229
-1408
-1408
-1347
-1218
-1218
-1238
-1392
-1392
-1392
-1392
-1258
-1392
-1233
-1233
-1129
-1129
-1129
-1129
-1129
-1129
-1347
-1392
-1392
-1308
-1308
-1308
-1308
-1278
-1278
-1308
-1283
-1283
-1283
-1283
-1273
-1174
-1174
-1174
-1283
-1392
-1392
-1392
-1392
-1303
-1303
-1283
-1283
-1292
-1292
-1224
-1224
-1273
-1273
-1139
-1139
-1139
-1139
-1139
-1139
-1139
-1139
-1139
-1139
-1139
-1139
-1139
-1139
-1109
-1109
-1109
-1109
-1109
-1109
-1109
-1109
-1119
-1025
-1119
-1119
-1119
-1119
-1119
-1119
-1119
-1119
-1119
-1119
-1040
-1099
-1099
-1119
-1109
-1119
-1119
-1119
-1119
-1109
-1109
-1109
-1109
-1109
-1060
-1109
-1109
-1109
-1109
-1116
-1116
-1106
-1091
-1091
-1025
-1091
-1091
-1091
-1091
-1091
-1081
-1081
-1091
-1151
-1111
-1151
-1151
-1210
-1250
-1260
-1262
-1111
-1111
-1151
-1040
-1222
-1222
-1222
-1423
-1423
-1423
-1166
-1166
-1166
-1388
-1423
-1388
-1324
-1324
-1324
-1324
-1240
-1220
-1205
-1205
-1205
-1086
-1086
-1086
-1111
-1111
-1111
-1111
-1086
-1136
-1136
-1136
-1111
-1091
-1111
-1111
-1111
-1076
-1076
-1076
-1076
-1076
-1116
-1015
-1116
-1116
-1010
-1010
-1010
-1010
-1010
-1010
-1010
-1020
-1010
-1085
-1106
-1116
-1116
-1116
-1116
-1116
-1116
-1136
-1242
-1242
-1242
-1242
-1242
-1242
-1213
-1213
-1116
-1242
-1242
-1232
-1232
-1232
-1232
-1232
-1237
-1237
-1237
-1232
-1237
-1237
-1237
-1237
-1237
-1237
-1237
-1476
-1287
-1287
-1287
-1287
-1287
-1287
-1287
-1287
-1238
-1238
-1238
-1238
-1238
-1287
-1342
-1342
-1342
-1328
-1328
-1328
-1328
-1333
-1317
-1317
-1298
-1247
-1240
-1225
-1225
-1220
-1177
-1106
-1106
-1106
-1106
-1106
-1106
-1101
-1101
-1106
-1086
-1086
-1086
-1101
-1111
-1111
-1099
-1099
-1099
-1099
-1099
-1111
-1131
-1131
-1126
-1060
-1131
-1045
-1045
-1045
-1045
-1045
-1045
-1045
-1045
-1045
-1045
-1040
-1040
-1045
-1045
-1035
-1045
-1045
-1045
-1025
-1025
-1025
-1025
-1025
-1020
-1020
-1020
-1020
-1020
-1010
-1010
-1015
-1015
-1015
-1015
-1015
-1015
-1025
-1025
-1025
-1025
-1025
-1025
-1030
-1065
-1065
-1030
-1060
-1090
-1090
-1120
-1159
-1159
-1159
-1159
-1159
-1317
-1317
-1408
-1408
-1408
-1408
-1392
-1392
-1392
-1307
-1307
-1186
-1186
-1186
-1186
-1312
-1307
-1312
-1277
-1277
-1312
-1312
-1300
-1216
-1090
-1090
-1090
-1090
-1090
-1090
-1090
-1090
-1090
-1090
-1090
-1090
-1090
-1090
-1090
-1090
-1090
-1090
-1080
-1080
-1080
-1080
-1090
-1090
-1151
-1151
-1151
-1151
-1151
-1151
-1151
-1191
-1080
-1080
-1080
-1242
-1242
-1154
-1347
-1337
-1337
-1337
-1144
-1144
-1154
-1075
-1075
-1075
-1075
-1075
-1154
-1154
-1065
-1154
-1065
-1050
-1154
-1154
-1050
-1050
-1050
-1050
-1050
-1050
-1050
-1050
-1045
-1050
-1050
-1050
-1050
-1050
-1050
-1050
-1050
-1050
-1161
-1050
-1050
-1377
-1367
-1367
-1337
-1332
-1332
-1149
-1050
-1149
-1149
-1149
-1149
-1149
-1149
-1149
-1149
-1149
-1149
-1149
-1055
-1050
-1050
-1050
-1055
-1025
-1055
-1055
-1055
-1055
-1040
-1114
-1114
-1144
-1040
-1325
-1231
-1050
-1065
-1055
-1176
-1176
-1005
-1176
-1176
-1176
-1055
-1055
-1040
-1055
-1025
-1055
-1065
-1060
-1060
-1060
-1060
-1065
-1065
-1065
-1065
-1065
-1065
-1065
-1065
-1065
-1065
-1065
-1065
-1065
-1065
-1065
-1065
-1065
-1065
-1065
-1065
-1065
-1065
-1065
-1065
-1065
-1065
-1065
-1065
-1065
-1065
-1095
-1095
-1095
-1095
-1095
-1095
-1035
-1035
-1035
-1035
-1035
-1035
-1035
-1035
-1035
-1035
-1035
-1035
-1035
-1035
-1035
-1035
-1035
-1035
-1030
-1030
-1030
-1030
-1030
-1030
-1030
-1030
-1030
-1030
-1030
-1146
-1141
-1141
-1146
-1146
-1146
-1146
-1146
-1146
-1146
-1146
-1146
-1139
-1227
-1146
-1146
-1146
-1146
-1146
-1359
-1545
-1545
-1634
-1634
-1654
-1654
-1570
-1260
-1570
-1570
-1255
-1255
-1255
-1255
-1275
-1275
-1151
-1275
-1080
-1080
-1080
-1080
-1080
-1080
-1070
-1080
-1080
-1080
-1065
-1080
-1080
-1080
-1080
-1080
-1080
-1080
-1080
-1080
-1080
-1080
-1065
-1065
-1065
-1045
-1065
-1065
-1065
-1065
-1060
-1060
-1060
-1060
-1060
-1060
-1065
-1065
-1065
-1065
-1065
-1065
-1065
-1065
-1065
-1065
-1065
-1065
-1065
-1065
-1065
-1065
-1060
-1030
-1030
-1030
-1030
-1065
-1065
-1065
-1065
-1055
-1065
-1060
-1065
-1065
-1065
-1065
-1065
-1065
-1065
-1065
-1065
-1055
-1055
-1055
-1055
-1055
-1055
-1045
-1045
-1055
-1055
-1055
-1055
-1055
-1055
-1055
-1055
-1055
-1055
-1139
-1139
-1139
-1139
-1139
-1139
-1139
-1139
-1139
-1139
-1139
-1139
-1139
-1139
-1139
-1139
-1139
-1020
-1020
-1020
-1020
-1020
-1020
-1020
-1020
-1020
-1020
-1020
-1020
-1020
-1020
-1020
-1020
-1020
-1020
-1020
-1020
-1000
-1000
-1020
-1020
-995
-995
-995
-995
-1020
-1020
-1020
-1020
-1020
-1020
-1020
-1010
-1020
-1020
-1020
-1005
-1005
-995
-1005
-1005
-1005
-1005
-1005
-1005
-995
-995
-995
-995
-995
-995
-995
-995
-995
-995
-995
-995
-995
-995
-995
-1030
-1010
-1030
-1030
-1030
-1030
-1030
-1099
-1099
-1099
-1173
-1173
-1173
-1223
-1223
-1213
-1010
-1010
-1010
-1010
-1010
-1010
-1010
-1010
-1010
-990
-1015
-1015
-1015
-1015
-1015
-1015
-1010
-1010
-985
-985
-1010
-965
-1015
-1015
-1015
-1015
-1015
-1020
-1015
-1015
-1015
-1020
-1020
-1015
-1015
-1015
-1015
-1174
-1015
-1174
-1174
-1238
-1238
-1263
-1263
-1198
-1198
-1198
-1198
-1198
-1193
-1198
-1198
-1198
-1193
-1198
-1193
-1015
-1243
-1243
-1126
-980
-980
-980
-980
-980
-1005
-1005
-1005
-1005
-1005
-1005
-1005
-1005
-1005
-1005
-1005
-1005
-1005
-1005
-1005
-1005
-1005
-1005
-1005
-1005
-1005
-1005
-1005
-1005
-1010
-1010
-1010
-1010
-1010
-1010
-1010
-1010
-1010
-1010
-1010
-1010
-1010
-1010
-1010
-1010
-1010
-1010
-1010
-1010
-1010
-1010
-1005
-1005
-1010
-1010
-1000
-985
-985
-985
-985
-985
-985
-985
-985
-980
-980
-980
-990
-990
-990
-990
-985
-985
-985
-985
-985
-985
-985
-985
-985
-985
-985
-985
-985
-985
-985
-980
-980
-980
-980
-980
-980
-980
-985
-985
-985
-985
-985
-985
-985
-985
-985
-985
-985
-985
-985
-985
-985
-985
-985
-985
-985
-985
-985
-985
-985
-985
-985
-985
-985
-1015
-1015
-990
-990
-980
-980
-980
-980
-980
-980
-980
-980
-980
-980
-980
-980
-980
-980
-980
-980
-985
-985
-985
-985
-985
-980
-980
-985
-985
-985
-985
-985
-995
-995
-995
-995
-995
-995
-995
-995
-995
-1000
-1000
-995
-1000
-1000
-1000
-1000
-1000
-995
-995
-995
-1000
-1015
-1010
-1015
-1020
-1020
-1020
-1020
-1020
-1020
-1020
-1020
-985
-985
-985
-1020
-1020
-1020
-1020
-1020
-1020
-1020
-1005
-1000
-1000
-1000
-1000
-1000
-1000
-985
-1000
-1000
-1000
-1000
-1000
-1000
-1000
-995
-995
-1000
-1000
-1000
-1000
-1000
-1000
-1000
-1000
-1000
-1000
-1000
-1000
-1000
-1000
-995
-995
-1000
-1000
-1000
-1000
-1000
-1000
-1000
-1000
-1000
-1000
-1000
-1000
-995
-995
-995
-995
-995
-995
-995
-995
-995
-990
-990
-990
-990
-995
-995
-995
-1000
-1005
-1139
-1080
-1080
-1005
-995
-995
-995
-1570
-1570
-1050
-1050
-1050
-1450
-1450
-1600
-1538
-1590
-1498
-1354
-1354
-1354
-1354
-1315
-1315
-1315
-1315
-1384
-1384
-1384
-1384
-1457
-1457
-1457
-1373
-1373
-1457
-1457
-1457
-1457
-1457
-1457
-1457
-1457
-1368
-1358
-1343
-1343
-1343
-1353
-1368
-1368
-1338
-1338
-1338
-1333
-1328
-1328
-1328
-1328
-1328
-1328
-1338
-1338
-1338
-1323
-1323
-1338
-1338
-1343
-1343
-1342
-1342
-1338
-1259
-1338
-1325
-1249
-1196
-1186
-1186
-1256
-1241
-1196
-1196
-1196
-1196
-1239
-1140
-1229
-1194
-1194
-1194
-1110
-1110
-1161
-1161
-1161
-1161
-1161
-1249
-1249
-1214
-1214
-1214
-1214
-1204
-1204
-1189
-1191
-1191
-1204
-1204
-1204
-1204
-1189
-1204
-1204
-1204
-1204
-1204
-1204
-1199
-1204
-1204
-1204
-1204
-1204
-1204
-1204
-1204
-1204
-1204
-1204
-1204
-1204
-1204
-1204
-1204
-1204
-1204
-1204
-1204
-1204
-1204
-1075
-1075
-1204
-1204
-1204
-1204
-1204
-1204
-1204
-1204
-1219
-1219
-1219
-1219
-1204
-1219
-1219
-1219
-1219
-1219
-1219
-1219
-1219
-1219
-1219
-1204
-1100
-1100
-1100
-1100
-1100
-1209
-1209
-1209
-1085
-1209
-1209
-1209
-1209
-1209
-1209
-1130
-1130
-1130
-1130
-1130
-1209
-1209
-1209
-1209
-1209
-1209
-1209
-1209
-1209
-1209
-1065
-1189
-1189
-1189
-1199
-1199
-1199
-1199
-1199
-1194
-1209
-1209
-1209
-1209
-1209
-1209
-1209
-1209
-1209
-1209
-1387
-1342
-1387
-1412
-1412
-1288
-1288
-1288
-1288
-1278
-1278
-1278
-1358
-1358
-1313
-1194
-1194
-1303
-1268
-1229
-1189
-1229
-1174
-1174
-1179
-1174
-1174
-1174
-1169
-1169
-1169
-1278
-1278
-1457
-1471
-1367
-1575
-1580
-1580
-1580
-1679
-1679
-1412
-1412
-1491
-1605
-1605
-1907
-1907
-1902
-1605
-1605
-1907
-1788
-1244
-1714
-1605
-1605
-1610
-1610
-1714
-1714
-1714
-1417
-1417
-1417
-1417
-1417
-1417
-1417
-1417
-1323
-1323
-1323
-1214
-1214
-1214
-1506
-1412
-1412
-1506
-1769
-1778
-1778
-1778
-1808
-1823
-1714
-1714
-1714
-1714
-1457
-1714
-1531
-1531
-1531
-1486
-1189
-1620
-1617
-1298
-1457
-1457
-1174
-1174
-1174
-1174
-1174
-1377
-1377
-1402
-1402
-1402
-1402
-1491
-1491
-1486
-1293
-1486
-1308
-1189
-1189
-1189
-1189
-1189
-1189
-1392
-1298
-1303
-1303
-1303
-1303
-1303
-1303
-1303
-1303
-1303
-1511
-1496
-1496
-1288
-1283
-1283
-1283
-1283
-1283
-1268
-1268
-1184
-1179
-1179
-1179
-1090
-1090
-1090
-1090
-1090
-1090
-1159
-1159
-1050
-1050
-1050
-1050
-1050
-1050
-1035
-1025
-1025
-1025
-1035
-1000
-1000
-1035
-1035
-1035
-1040
-1050
-1035
-1030
-1035
-1050
-1045
-1045
-1045
-1045
-1045
-1045
-1045
-1045
-1045
-1040
-1040
-1040
-1000
-1020
-1045
-1045
-1045
-1045
-1045
-1045
-1025
-1025
-1045
-1045
-1045
-1045
-1045
-1040
-1040
-1040
-1040
-1035
-1045
-1045
-1045
-1045
-1025
-1045
-1045
-1045
-1040
-1040
-1040
-1040
-1040
-1025
-1025
-1025
-1020
-1025
-1025
-1025
-1025
-1025
-1040
-1174
-1243
-1243
-1243
-1302
-1347
-1347
-1506
-1358
-1218
-1441
-1367
-1466
-1466
-1456
-1456
-1144
-1347
-1347
-1347
-1347
-1347
-1347
-1347
-1347
-1302
-1302
-1302
-1347
-1347
-1347
-1322
-1347
-1278
-1040
-1040
-1344
-1151
-1151
-1151
-1179
-1179
-1065
-1065
-1065
-1055
-1040
-1040
-1020
-1020
-1020
-1020
-1020
-1020
-1020
-1020
-1020
-1020
-1020
-1020
-1020
-1020
-1020
-1020
-1020
-975
-975
-975
-975
-975
-975
-975
-975
-975
-975
-975
-975
-975
-975
-975
-975
-975
-975
-975
-975
-975
-975
-975
-965
-965
-965
-965
-965
-965
-965
-965
-965
-965
-975
-990
-990
-990
-990
-990
-970
-990
-990
-990
-990
-990
-990
-980
-975
-990
-990
-990
-995
-995
-995
-995
-995
-995
-990
-990
-990
-990
-990
-995
-995
-990
-990
-990
-990
-990
-990
-990
-990
-975
-975
-975
-975
-975
-975
-975
-975
-975
-975
-975
-980
-980
-980
-980
-980
-980
-970
-975
-980
-980
-975
-975
-975
-975
-965
-965
-965
-965
-975
-975
-975
-975
-975
-975
-975
-975
-975
-975
-985
-985
-985
-985
-985
-985
-985
-985
-985
-985
-985
-985
-985
-985
-985
-980
-980
-980
-980
-980
-980
-980
-980
-980
-980
-980
-980
-980
-980
-980
-980
-980
-980
-980
-980
-980
-980
-980
-980
-980
-985
-985
-980
-985
-985
-985
-985
-985
-985
-985
-985
-985
-985
-995
-995
-995
-995
-990
-980
-980
-995
-995
-995
-995
-995
-995
-995
-995
-1010
-1010
-1094
-995
-1094
-1094
-1094
-1094
-1094
-1094
-1015
-980
-980
-980
-980
-980
-980
-980
-980
-980
-1094
-1094
-1094
-1094
-1094
-1094
-1094
-1094
-1094
-1094
-1094
-1094
-1094
-1094
-1094
-1094
-1094
-1094
-1094
-1094
-1094
-1094
-1094
-1094
-1094
-1094
-1094
-1094
-1094
-1094
-1094
-1094
-1091
-1094
-1094
-1094
-1045
-1094
-1094
-1094
-1094
-1094
-1094
-1094
-995
-1094
-1094
-1094
-1210
-1210
-1200
-1208
-1208
-1208
-1210
-1198
-1198
-1198
-1099
-1119
-1119
-1119
-1210
-1210
-1210
-1210
-1210
-1086
-1086
-1086
-1086
-1086
-1086
-1086
-1109
-1109
-1109
-1215
-1274
-1274
-1134
-1134
-1173
-1274
-1086
-1274
-1274
-1274
-1274
-1274
-1188
-1274
-1198
-1198
-1173
-1173
-1173
-1173
-1173
-1173
-1203
-1076
-1076
-1076
-1076
-1076
-1076
-1076
-1076
-1076
-1076
-1076
-1076
-1076
-1076
-1076
-1076
-1076
-1076
-1076
-1076
-1050
-1010
-1076
-1076
-1076
-1076
-1076
-1076
-1076
-1076
-1076
-1076
-1146
-1189
-1146
-1146
-1146
-1146
-1146
-1146
-1146
-1146
-1060
-1060
-1060
-1060
-1060
-1060
-1065
-1060
-1035
-1020
-1020
-995
-995
-995
-995
-995
-995
-995
-980
-980
-995
-995
-995
-995
-995
-995
-995
-1015
-1015
-1015
-1015
-1015
-1015
-1015
-1015
-1015
-1015
-1030
-1030
-1000
-1015
-1015
-1015
-1015
-1015
-1015
-1015
-1406
-1406
-1406
-1451
-1466
-1466
-1466
-1466
-1105
-1105
-1045
-1485
-1417
-1407
-1313
-1313
-1313
-1313
-1313
-1263
-1070
-1070
-1065
-1065
-1070
-1070
-1070
-1070
-1070
-1070
-1070
-1070
-1203
-1203
-1203
-1124
-1124
-1015
-1015
-1000
-1015
-1124
-1124
-1124
-1124
-1124
-1164
-1263
-1263
-1005
-1005
-1005
-1005
-1005
-1005
-1005
-1005
-1005
-1020
-1020
-1020
-1020
-1020
-1020
-1020
-1020
-1020
-1020
-1020
-1020
-1020
-1020
-1020
-1015
-1015
-1015
-1015
-1015
-1015
-1015
-1015
-1109
-1109
-1109
-1109
-1109
-1109
-1109
-1146
-1035
-1005
-1005
-1005
-1005
-1005
-1005
-1005
-1005
-1218
-1109
-1109
-1025
-1025
-1109
-1109
-1109
-1010
-1109
-1109
-1109
-1109
-1114
-1114
-1198
-1198
-1198
-1099
-1129
-1094
-1089
-990
-990
-1084
-1084
-1084
-1084
-1188
-1188
-1188
-1188
-1188
-1188
-1188
-1198
-1200
-1200
-1200
-1200
-1200
-1200
-1200
-1218
-1218
-1223
-1223
-1223
-1223
-1223
-1223
-1223
-1223
-1104
-1104
-1104
-1104
-1104
-1104
-1104
-1312
-1084
-1079
-1079
-1079
-1079
-1079
-1079
-1079
-1079
-1079
-1104
-1094
-985
-985
-1114
-1114
-1114
-1114
-1114
-1114
-1114
-1114
-1015
-1015
-1015
-1015
-1015
-1015
-1015
-1015
-1015
-1015
-1114
-1114
-1230
-1230
-1131
-1131
-1131
-1131
-1131
-1126
-1020
-1020
-1020
-1020
-1020
-1020
-1020
-1131
-1124
-1010
-1010
-1010
-1010
-1010
-1121
-1010
-1010
-1010
-1010
-1010
-1010
-1010
-1010
-1124
-1124
-1124
-1124
-1124
-1124
-1114
-1124
-1124
-1425
-1327
-1327
-1327
-1327
-1327
-1114
-1114
-1114
-1114
-1114
-1114
-1114
-1065
-1065
-1114
-1109
-1094
-1094
-1094
-1094
-1094
-975
-1094
-1094
-980
-980
-980
-980
-980
-980
-980
-980
-980
-980
-980
-980
-980
-980
-980
-980
-980
-980
-980
-980
-980
-980
-980
-980
-980
-980
-980
-980
-980
-980
-980
-980
-980
-965
-965
-980
-980
-980
-980
-1045
-1045
-985
-985
-990
-990
-990
-990
-990
-1015
-1015
-1015
-1015
-1015
-1015
-1055
-1050
-1050
-1050
-1050
-990
-990
-990
-1055
-1055
-1055
-1055
-1055
-990
-990
-990
-990
-990
-990
-990
-990
-990
-990
-990
-990
-990
-990
-990
-990
-990
-990
-990
-990
-980
-990
-990
-990
-990
-990
-980
-990
-990
-990
-990
-990
-990
-990
-990
-990
-990
-990
-990
-990
-990
-990
-990
-990
-990
-990
-990
-990
-980
-990
-990
-990
-985
-975
-975
-975
-975
-975
-975
-975
-975
-975
-975
-985
-985
-985
-985
-985
-985
-985
-1297
-1263
-1263
-1233
-1055
-1055
-1055
-1010
-1050
-1050
-1089
-1089
-1005
-1005
-1005
-1094
-1094
-1005
-1094
-1094
-1040
-1040
-1040
-1040
-1040
-1040
-1040
-1040
-1040
-1020
-1020
-1040
-1020
-1040
-1040
-1040
-1040
-1040
-1040
-1040
-1040
-1040
-1040
-1040
-1040
-1060
-1060
-1025
-1035
-1035
-1035
-1035
-1025
-1025
-1025
-1025
-1040
-1040
-1040
-1040
-1040
-1040
-1040
-1040
-1040
-1040
-1040
-1040
-1040
-1025
-1025
-1025
-1025
-1025
-1025
-1025
-1040
-1040
-1040
-1040
-1040
-1025
-1025
-1025
-1025
-1025
-1025
-1025
-1025
-1025
-1025
-1025
-1025
-1025
-1025
-1025
-1025
-1025
-1025
-1025
-1025
-1025
-1025
-1025
-1025
-1025
-1025
-1025
-1015
-1015
-1015
-1015
-1020
-1020
-1005
-1020
-1025
-1025
-1025
-1025
-1010
-1030
-1025
-1030
-1030
-1040
-1060
-1060
-1055
-1055
-1025
-1065
-1065
-1065
-1065
-1065
-1065
-1065
-1065
-1055
-1055
-1055
-1055
-1055
-1055
-1060
-1055
-1055
-1055
-1045
-1045
-1035
-1035
-1035
-1035
-1035
-1035
-1035
-1030
-1030
-1030
-1030
-1030
-1030
-1030
-1030
-1030
-1030
-1030
-1030
-1030
-1030
-1030
-1030
-1030
-1030
-1030
-1030
-1030
-1030
-1030
-1005
-1030
-1030
-1030
-1030
-1030
-1020
-1020
-1020
-1020
-1020
-1020
-1020
-995
-995
-995
-1020
-1020
-990
-1020
-1020
-1020
-1020
-1020
-1020
-1020
-1020
-1020
-1020
-1020
-1030
-1030
-1030
-1030
-1030
-1030
-1030
-1030
-1030
-1030
-1030
-1020
-1020
-1020
-1030
-1030
-1030
-1030
-1030
-1030
-1030
-1030
-1045
-1045
-1030
-1030
-1030
-1030
-1030
-1030
-1030
-1030
-1030
-1030
-1030
-1030
-1030
-1030
-1030
-1030
-1030
-1030
-1030
-1030
-1030
-1030
-1030
-1030
-1030
-1030
-1020
-1020
-1030
-1030
-1030
-1030
-1020
-1020
-1020
-1020
-1020
-1030
-1030
-1030
-1030
-1030
-1025
-1025
-1030
-1030
-1144
-1144
-1134
-1040
-1030
-1144
-1144
-1144
-1040
-1144
-1144
-1144
-1144
-1144
-1035
-1035
-1164
-1164
-1164
-1040
-1040
-1040
-1040
-1030
-1030
-1030
-1035
-1035
-1035
-1035
-1035
-1035
-1035
-1035
-1035
-1035
-1035
-1035
-1035
-1030
-1030
-1030
-1030
-1030
-1030
-1030
-1030
-1030
-1030
-1020
-1020
-1020
-1020
-1020
-1020
-1020
-1020
-1020
-1020
-1020
-1020
-1020
-1020
-1020
-1010
-1020
-1020
-1020
-1020
-1020
-1020
-1020
-1020
-1020
-1020
-1020
-1020
-1020
-1020
-1020
-1020
-1020
-1020
-1020
-1020
-1020
-1020
-1020
-1020
-1020
-1020
-1020
-1020
-1020
-1020
-1020
-1020
-1025
-1025
-1070
-1070
-1070
-1070
-1070
-1070
-1070
-1070
-1070
-1070
-1070
-1248
-1184
-1248
-1070
-1070
-1070
-1075
-1070
-1070
-1070
-1070
-1070
-1065
-1060
-1060
-1060
-1070
-1070
-1070
-1070
-1065
-1050
-1050
-1050
-1050
-1055
-1055
-1055
-1055
-1055
-1055
-1055
-1055
-1055
-1055
-1055
-1055
-1055
-1055
-1055
-1055
-1055
-1050
-1050
-1055
-1055
-1055
-1055
-1055
-1055
-1055
-1055
-1055
-1055
-1055
-1055
-1055
-1055
-1055
-1055
-1055
-1055
-1055
-1055
-1055
-1055
-1055
-1055
-1055
-1055
-1055
-1055
-1055
-1055
-1055
-1055
-1055
-1055
-1055
-1055
-1055
-1055
-1055
-1055
-1055
-1055
-1055
-1055
-1055
-1055
-1055
-1055
-1055
-1055
-1055
-1055
-1055
-1055
-1055
-1055
-1050
-1055
-1035
-1035
-1035
-1035
-1035
-1035
-1035
-1035
-1035
-1035
-1035
-1035
-1035
-1030
-1025
-1025
-1025
-1025
-1035
-1035
-1030
-1035
-1035
-1020
-1020
-1020
-1020
-1030
-1030
-1030
-1035
-1035
-1035
-1010
-1020
-1020
-1020
-1020
-1020
-1020
-1020
-1020
-1020
-1020
-1010
-1010
-1020
-1020
-1005
-1005
-1005
-1005
-1005
-1030
-1030
-1109
-1020
-1109
-995
-1109
-1109
-1109
-1079
-1079
-975
-975
-975
-975
-975
-975
-975
-975
-975
-975
-975
-975
-975
-975
-975
-975
-975
-975
-975
-975
-975
-975
-975
-975
-975
-975
-975
-975
-975
-975
-975
-975
-975
-975
-975
-975
-975
-975
-975
-975
-975
-975
-975
-975
-975
-975
-975
-975
-975
-975
-975
-975
-975
-975
-975
-975
-975
-975
-975
-975
-975
-975
-975
-975
-975
-975
-975
-975
-975
-975
-975
-975
-975
-975
-975
-975
-975
-975
-975
-975
-975
-975
-975
-975
-975
-975
-975
-975
-975
-975
-975
-975
-975
-975
-975
-975
-975
-975
-975
-975
-970
-970
-975
-975
-975
-975
-975
-975
-975
-975
-975
-975
-975
-975
-975
-975
-975
-975
-975
-975
-975
-975
-975
-975
-975
-975
-975
-975
-975
-975
-975
-975
-975
-975
-975
-975
-975
-975
-975
-975
-975
-975
-975
-975
-975
-975
-975
-975
-975
-975
-975
-975
-975
-975
-975
-975
-975
-975
-975
-975
-975
-975
-975
-975
-975
-975
-975
-975
-975
-975
-975
-975
-975
-975
-975
-975
-975
-975
-975
-975
-975
-975
-975
-975
-975
-975
-975
-975
-975
-975
-975
-975
-975
-975
-975
-975
-975
-975
-975
-975
-975
-975
-975
-975
-975
-975
-975
-975
-975
-975
-975
-975
-975
-975
-975
-975
-975
-975
-1084
-1084
-1084
-1084
-975
-1084
-1084
-1084
-1084
-1084
-975
-975
-975
-975
-975
-975
-1084
-1020
-1084
-975
-1084
-1084
-1084
-1084
-1084
-1010
-1010
-1010
-1084
-1084
-975
-975
-975
-975
-975
-980
-980
-975
-980
-980
-980
-980
-980
-980
-980
-980
-980
-980
-980
-980
-980
-980
-980
-980
-980
-980
-975
-975
-975
-975
-980
-980
-980
-980
-980
-980
-980
-980
-980
-980
-980
-975
-975
-975
-975
-975
-975
-975
-975
-975
-975
-975
-975
-975
-975
-975
-975
-975
-975
-975
-975
-975
-975
-975
-975
-975
-975
-975
-975
-975
-975
-975
-975
-975
-975
-975
-975
-975
-975
-975
-975
-975
-975
-975
-975
-975
-975
-975
-975
-975
-975
-975
-975
-975
-975
-975
-975
-975
-975
-975
-975
-975
-975
-975
-975
-975
-975
-975
-970
-970
-970
-970
-970
-975
-975
-975
-970
-970
-970
-970
-970
-970
-970
-970
-970
-970
-970
-970
-990
-990
-1069
-1069
-1069
-1069
-1307
-1104
-1104
-1089
-1089
-1089
-1089
-1089
-970
-970
-970
-970
-970
-970
-970
-970
-970
-970
-970
-970
-970
-970
-970
-970
-1074
-1074
-1074
-1074
-1074
-1064
-1064
-1064
-970
-1035
-1064
-955
-955
-955
-955
-955
-955
-955
-955
-955
-955
-955
-955
-955
-955
-955
-955
-955
-955
-955
-955
-955
-955
-955
-955
-955
-955
-955
-955
-955
-955
-955
-955
-955
-955
-955
-955
-955
-955
-955
-940
-955
-955
-955
-955
-955
-955
-955
-955
-955
-955
-955
-955
-955
-955
-955
-955
-955
-955
-955
-955
-955
-955
-955
-955
-955
-955
-955
-955
-955
-955
-955
-955
-955
-955
-955
-955
-955
-955
-955
-955
-955
-955
-955
-955
-955
-955
-955
-955
-955
-955
-955
-955
-955
-955
-955
-955
-955
-955
-955
-955
-955
-955
-955
-955
-955
-970
-970
-970
-975
-975
-960
-960
-975
-975
-975
-975
-975
-975
-975
-975
-975
-975
-975
-960
-960
-960
-960
-960
-960
-960
-975
-975
-960
-975
-975
-985
-985
-985
-985
-985
-985
-985
-985
-985
-985
-960
-960
-960
-960
-960
-985
-980
-985
-985
-985
-985
-985
-985
-985
-975
-975
-975
-975
-975
-975
-985
-985
-985
-985
-985
-985
-985
-980
-980
-980
-980
-980
-985
-985
-965
-970
-970
-970
-970
-970
-970
-965
-970
-970
-970
-970
-970
-985
-985
-985
-985
-985
-985
-985
-985
-980
-980
-980
-980
-980
-980
-980
-980
-980
-980
-980
-975
-975
-975
-975
-975
-975
-975
-975
-975
-975
-975
-975
-975
-965
-965
-965
-965
-965
-965
-965
-965
-975
-975
-975
-975
-975
-990
-1089
-1089
-1066
-1134
-1124
-1124
-1124
-1124
-1124
-1124
-1124
-1124
-1124
-1124
-1124
-1124
-1124
-1124
-1124
-1134
-1134
-1134
-1134
-1134
-1134
-1134
-1134
-1214
-1284
-1144
-1512
-1595
-1595
-1595
-1595
-1635
-1491
-1635
-1635
-1635
-1402
-1402
-1333
-1333
-1333
-1333
-1333
-1595
-1595
-1595
-1595
-1506
-1561
-1595
-1674
-1674
-1674
-1674
-1555
-1407
-1674
-1585
-1585
-1585
-1565
-1565
-1565
-1565
-1565
-1531
-1541
-1541
-1541
-1526
-1530
-1530
-1338
-1338
-1422
-1525
-1343
-1477
-1427
-1472
-1477
-1373
-1358
-1343
-1358
-1358
-1249
-1358
-1358
-1185
-1185
-1185
-1150
-1185
-1165
-1165
-1165
-1165
-1165
-1165
-1135
-1135
-1165
-1165
-1150
-1150
-1140
-1150
-1150
-1150
-1150
-1150
-1165
-1165
-1165
-1165
-1165
-1165
-1150
-1150
-1150
-1150
-1165
-1165
-1150
-1150
-1150
-1150
-1150
-1135
-1135
-1135
-1135
-1135
-1135
-1135
-1135
-1135
-1135
-1135
-1135
-1150
-1150
-1150
-1150
-1150
-1150
-1150
-1150
-1150
-1150
-1150
-1150
-1150
-1150
-1150
-1150
-1150
-1150
-1150
-1150
-1363
-1363
-1363
-1388
-1378
-1388
-1388
-1369
-1369
-1373
-1299
-1205
-1205
-1363
-1363
-1363
-1363
-1363
-1363
-1413
-1383
-1385
-1180
-1180
-1180
-1180
-1180
-1180
-1180
-1175
-1175
-1175
-1175
-1175
-1175
-1175
-1175
-1150
-1185
-1185
-1160
-1185
-1185
-1175
-1175
-1259
-1279
-1274
-1274
-1205
-1205
-1284
-1264
-1284
-1284
-1284
-1190
-1145
-1145
-1145
-1145
-1145
-1140
-1145
-1145
-1145
-1145
-1229
-1259
-1259
-1259
-1259
-1259
-1259
-1234
-1234
-1393
-1452
-1452
-1398
-1437
-1541
-1487
-1471
-1244
-1244
-1130
-1140
-1140
-1140
-1140
-1140
-1140
-1140
-1140
-1140
-1140
-1140
-1140
-1140
-1140
-1140
-1140
-1189
-1189
-1085
-1085
-1085
-1244
-1140
-1189
-1189
-1189
-1189
-1189
-1189
-1189
-1189
-1189
-1184
-1184
-1145
-1145
-1145
-1120
-1145
-1145
-1145
-1179
-1125
-1050
-1135
-1189
-1189
-1075
-1075
-1075
-1179
-1179
-1080
-1060
-1060
-1060
-1060
-1060
-1060
-1060
-1060
-1060
-1060
-1060
-1060
-1060
-1055
-1060
-1060
-1050
-1050
-1050
-1050
-1050
-1050
-1050
-1055
-1055
-1055
-1055
-1060
-1060
-1030
-1060
-1060
-1060
-1060
-1060
-1060
-1060
-1060
-1060
-1060
-1060
-1060
-1060
-1060
-1055
-1055
-1055
-1055
-1055
-1055
-1055
-1055
-1055
-1055
-1060
-1060
-1060
-1060
-1154
-1154
-1154
-1154
-1154
-1154
-1149
-1149
-1149
-1070
-1065
-1065
-1065
-1065
-1065
-1065
-1065
-1065
-1065
-1065
-1065
-1060
-1060
-1060
-1060
-1060
-1060
-1060
-1065
-1065
-1065
-1065
-1065
-1065
-1060
-1065
-1065
-1065
-1065
-1065
-1065
-1065
-1065
-1065
-1065
-1065
-1065
-1065
-1065
-1065
-1065
-1065
-1065
-1065
-1055
-1055
-1055
-1055
-1055
-1055
-1055
-1055
-1055
-1055
-1085
-1085
-1060
-1060
-1060
-1050
-1050
-1050
-1050
-1050
-1045
-1050
-1050
-1050
-1050
-1050
-1050
-1050
-1050
-1050
-1050
-1045
-1045
-1045
-1050
-1050
-1045
-1045
-1050
-1050
-1050
-1050
-1050
-1045
-1045
-1050
-1050
-1050
-1045
-1035
-1030
-1030
-1030
-1030
-1045
-1040
-1040
-1050
-1050
-1035
-1035
-1035
-1030
-1030
-1030
-1030
-1030
-1030
-1030
-1015
-1015
-1015
-1010
-1010
-1010
-1010
-1010
-1010
-1010
-1010
-1010
-1010
-1010
-1010
-1010
-1010
-1010
-1010
-1010
-1010
-1010
-1010
-1010
-1010
-1010
-1010
-1010
-1010
-1010
-1010
-1010
-1010
-1010
-1010
-1010
-1010
-1010
-1010
-1010
-1010
-1010
-1010
-1010
-1010
-1312
-1312
-1312
-1282
-1282
-1282
-1010
-1010
-1339
-1307
-1307
-1307
-1307
-1297
-1081
-1020
-1020
-1020
-985
-985
-985
-985
-985
-985
-1134
-1134
-1134
-1139
-1110
-1110
-1149
-1149
-1055
-1055
-1055
-1055
-1045
-1045
-1045
-1149
-1164
-1164
-1149
-1164
-1164
-1149
-1080
-1080
-1045
-1045
-1045
-1045
-1045
-1045
-1045
-1045
-1045
-1268
-1080
-1045
-1045
-1045
-1045
-1045
-1025
-1025
-1025
-1045
-1045
-1045
-1045
-1045
-1045
-1045
-1045
-1045
-1045
-1045
-1045
-1045
-1045
-1045
-1045
-1080
-1080
-1080
-1149
-1149
-1045
-1045
-1139
-1149
-1055
-1129
-1149
-1050
-1050
-1050
-1050
-1045
-1045
-1045
-1149
-1149
-1149
-1050
-1149
-1149
-1149
-1050
-1050
-1149
-1149
-1144
-1144
-1144
-1139
-1139
-1149
-1035
-1144
-1149
-1154
-1065
-1129
-1129
-1154
-1144
-1154
-1154
-1154
-1149
-1154
-1154
-1154
-1154
-1154
-1154
-1154
-1154
-1144
-1095
-1144
-1055
-1055
-1144
-1144
-1144
-1144
-1144
-1154
-1154
-1134
-1134
-1119
-1134
-1134
-1134
-1035
-1115
-1035
-1035
-1154
-1159
-1204
-1055
-1055
-1055
-1055
-1204
-1204
-1149
-1149
-1149
-1149
-1149
-1149
-1149
-1248
-1248
-1248
-1248
-1248
-1248
-1149
-1139
-1144
-1139
-1139
-1139
-1139
-1139
-1139
-1139
-1139
-1144
-1144
-1144
-1139
-1139
-1139
-1139
-1139
-1139
-1139
-1139
-1030
-1139
-1139
-1144
-1035
-1035
-1035
-1134
-1134
-1134
-1134
-1134
-1134
-1134
-1134
-1035
-1035
-1035
-1035
-1129
-1129
-1129
-1129
-1035
-1035
-1025
-1025
-1025
-1025
-1025
-1035
-1030
-1030
-1030
-1030
-1030
-1030
-1030
-1030
-1030
-1025
-1030
-1030
-1025
-1025
-1025
-1025
-1025
-1025
-1025
-1025
-1025
-1025
-1025
-1025
-1025
-1025
-1025
-1025
-1030
-1030
-1025
-1025
-1025
-1025
-1025
-1025
-1025
-1025
-1025
-1025
-1025
-1025
-1025
-1025
-1025
-1025
-1025
-1025
-1025
-1025
-1025
-1025
-1025
-1025
-1025
-1025
-1025
-1025
-1025
-1025
-1025
-1025
-1025
-1025
-1025
-1025
-1025
-1025
-1025
-1025
-1025
-1025
-1025
-1025
-1025
-1025
-1025
-1025
-1025
-1025
-1025
-1025
-1025
-1025
-1025
-1025
-1025
-1025
-1025
-1025
-1025
-1025
-1025
