Selecci칩n Torneo
Cruzamiento Uniforme 0.2
Mutaci칩n Gaussiana 0.2 0.2

Resultado obtenido en 38771 iteraciones.
Aptitud: -935
Mejor genotipo: [[[50],[0],[0],[0],[0]],[[100],[100],[0],[100],[100]],[[60],[60],[0],[60],[60]],[[0],[0],[100],[0],[0]],[[50],[50],[50],[50],[50]]]

Resultado obtenido en 11650 iteraciones.
Aptitud: -935
Mejor genotipo: [[[50],[0],[0],[0],[0]],[[100],[100],[0],[100],[100]],[[60],[60],[20],[60],[50]],[[0],[0],[100],[0],[0]],[[50],[50],[50],[50],[50]]]

Resultado obtenido en 21848 iteraciones.
Aptitud: -935
Mejor genotipo: [[[50],[0],[0],[0],[0]],[[100],[100],[0],[100],[100]],[[60],[60],[0],[60],[60]],[[0],[0],[100],[0],[0]],[[50],[50],[50],[50],[50]]]

Resultado obtenido en 11371 iteraciones.
Aptitud: -935
Mejor genotipo: [[[50],[0],[0],[0],[0]],[[100],[100],[0],[100],[100]],[[25],[60],[45],[60],[60]],[[0],[0],[0],[0],[100]],[[50],[50],[50],[50],[50]]]

Resultado obtenido en 10626 iteraciones.
Aptitud: -935
Mejor genotipo: [[[50],[0],[0],[0],[0]],[[100],[100],[0],[100],[100]],[[60],[60],[0],[60],[60]],[[100],[0],[0],[0],[0]],[[50],[50],[50],[50],[50]]]

Resultado obtenido en 18156 iteraciones.
Aptitud: -935
Mejor genotipo: [[[50],[0],[0],[0],[0]],[[100],[100],[0],[100],[100]],[[60],[60],[0],[60],[60]],[[0],[0],[100],[0],[0]],[[50],[50],[50],[50],[50]]]

Resultado obtenido en 19597 iteraciones.
Aptitud: -935
Mejor genotipo: [[[50],[0],[0],[0],[0]],[[100],[100],[0],[100],[100]],[[60],[60],[60],[60],[0]],[[0],[0],[100],[0],[0]],[[50],[50],[50],[50],[50]]]

Resultado obtenido en 11194 iteraciones.
Aptitud: -935
Mejor genotipo: [[[50],[0],[0],[0],[0]],[[100],[100],[0],[100],[100]],[[40],[60],[60],[55],[35]],[[0],[0],[100],[0],[0]],[[50],[50],[50],[50],[50]]]

Resultado obtenido en 13764 iteraciones.
Aptitud: -935
Mejor genotipo: [[[50],[0],[0],[0],[0]],[[100],[100],[0],[100],[100]],[[60],[60],[0],[60],[60]],[[0],[0],[0],[0],[100]],[[50],[50],[50],[50],[50]]]

Resultado obtenido en 21443 iteraciones.
Aptitud: -935
Mejor genotipo: [[[50],[0],[0],[0],[0]],[[100],[100],[0],[100],[100]],[[60],[60],[60],[60],[0]],[[100],[0],[0],[0],[0]],[[50],[50],[50],[50],[50]]]

La cantidad promedio de iteraciones fue de 17842 y la m치xima fue de 38771.
Hubieron 10 resultado(s) con el valor de aptitud -935, que fue el mas alto.
La menor cantidad de iteraciones para llegar al mejor resultado fue de 10626. El genotipo fue:
[[[50],[0],[0],[0],[0]],[[100],[100],[0],[100],[100]],[[60],[60],[0],[60],[60]],[[100],[0],[0],[0],[0]],[[50],[50],[50],[50],[50]]]

Los datos de aptitud por iteraci칩n son:
[-504858, -405686, -305682, -305682, -304865, -304395, -204415, -204269, -203579, -203420, -104410, -104030, -104030, -103586, -103512, -103275, -3552, -3552, -3552, -3552, -3151, -3151, -2533, -2533, -2697, -2548, -2485, -2272, -2485, -2337, -2337, -2208, -2208, -2208, -2149, -2149, -2149, -2099, -2099, -2099, -2099, -2099, -2099, -1886, -1886, -1886, -1886, -1927, -2099, -1896, -1896, -1896, -1668, -1668, -1668, -1668, -1668, -1668, -1668, -1668, -1668, -1668, -1668, -1668, -1668, -1668, -1668, -1668, -1638, -1638, -1589, -1638, -1638, -1638, -1544, -1544, -1544, -1544, -1544, -1544, -1544, -1544, -1544, -1544, -1544, -1544, -1544, -1544, -1544, -1544, -1544, -1544, -1544, -1544, -1544, -1544, -1544, -1544, -1544, -1544, -1519, -1519, -1519, -1519, -1519, -1519, -1519, -1519, -1519, -1519, -1435, -1435, -1435, -1435, -1430, -1430, -1430, -1430, -1430, -1430, -1430, -1430, -1430, -1420, -1420, -1420, -1420, -1420, -1375, -1375, -1370, -1370, -1370, -1370, -1370, -1370, -1370, -1370, -1370, -1370, -1370, -1370, -1370, -1370, -1370, -1370, -1370, -1335, -1335, -1335, -1335, -1335, -1320, -1320, -1320, -1320, -1320, -1320, -1290, -1320, -1320, -1320, -1320, -1320, -1320, -1320, -1320, -1320, -1320, -1320, -1305, -1305, -1320, -1320, -1320, -1305, -1320, -1320, -1320, -1255, -1255, -1255, -1255, -1255, -1255, -1240, -1240, -1240, -1240, -1240, -1240, -1240, -1250, -1250, -1250, -1250, -1250, -1235, -1235, -1235, -1235, -1235, -1235, -1230, -1230, -1230, -1230, -1230, -1230, -1230, -1230, -1230, -1230, -1215, -1215, -1215, -1215, -1215, -1215, -1215, -1215, -1215, -1215, -1215, -1215, -1215, -1215, -1195, -1215, -1210, -1210, -1210, -1210, -1205, -1180, -1180, -1180, -1180, -1180, -1180, -1180, -1180, -1180, -1180, -1180, -1180, -1180, -1180, -1180, -1180, -1180, -1180, -1180, -1140, -1140, -1140, -1140, -1140, -1140, -1140, -1140, -1140, -1140, -1140, -1140, -1140, -1140, -1140, -1140, -1140, -1140, -1140, -1085, -1140, -1140, -1140, -1140, -1140, -1140, -1140, -1120, -1120, -1120, -1120, -1120, -1120, -1120, -1120, -1120, -1120, -1120, -1120, -1120, -1120, -1120, -1120, -1120, -1120, -1120, -1120, -1120, -1120, -1120, -1120, -1120, -1120, -1120, -1120, -1120, -1120, -1120, -1120, -1120, -1120, -1120, -1120, -1120, -1120, -1120, -1120, -1120, -1120, -1120, -1120, -1120, -1120, -1120, -1120, -1120, -1120, -1120, -1120, -1120, -1065, -1065, -1065, -1065, -1065, -1065, -1065, -1065, -1065, -1065, -1065, -1065, -1065, -1065, -1065, -1065, -1065, -1065, -1065, -1065, -1065, -1065, -1065, -1065, -1065, -1065, -1065, -1060, -1060, -1060, -1060, -1060, -1045, -1045, -1060, -1060, -1060, -1060, -1060, -1060, -1060, -1060, -1060, -1060, -1060, -1060, -1060, -1060, -1060, -1060, -1060, -1060, -1050, -1050, -1050, -1050, -1050, -1050, -1050, -1050, -1050, -1050, -1050, -1050, -1050, -1050, -1050, -1050, -1050, -1050, -1050, -1050, -1050, -1050, -1050, -1050, -1050, -1050, -1050, -1050, -1050, -1050, -1050, -1050, -1005, -1005, -1005, -1005, -1005, -1005, -1005, -1005, -1005, -1005, -1005, -1005, -1005, -1005, -1005, -1005, -1005, -1005, -1005, -1005, -1005, -1005, -1005, -1005, -1005, -1005, -1005, -1005, -1000, -1000, -1000, -1000, -1000, -1000, -1000, -1000, -1000, -1000, -1000, -1000, -1000, -1000, -1000, -1000, -1000, -1000, -1000, -1000, -1000, -1000, -1000, -1000, -1000, -1000, -1000, -1000, -1000, -1000, -1000, -1000, -1000, -1000, -1000, -1000, -1000, -1000, -1000, -1000, -1000, -1000, -1000, -1000, -990, -990, -990, -990, -990, -990, -990, -990, -990, -990, -990, -990, -990, -990, -990, -990, -990, -990, -990, -990, -990, -990, -990, -990, -990, -990, -990, -990, -990, -990, -990, -990, -950, -950, -950, -950, -950, -950, -950, -950, -950, -950, -950, -950, -950, -950, -950, -950, -950, -950, -950, -950, -950, -950, -950, -950, -950, -950, -950, -950, -950, -950, -950, -950, -950, -950, -950, -950, -950, -950, -950, -950, -950, -950, -950, -950, -950, -950, -950, -950, -950, -950, -950, -950, -950, -950, -950, -950, -950, -950, -950, -950, -950, -950, -950, -950, -950, -950, -950, -950, -950, -950, -950, -950, -950, -950, -950, -950, -950, -950, -950, -950, -950, -950, -950, -940, -940, -940, -940, -940, -940, -940, -940, -940, -940, -940, -940, -940, -940, -940, -940, -940, -940, -940, -940, -940, -940, -935, -935, -935, -935, -935, -935, -935, -935, -935, -935, -935, -935, -935, -935, -935, -935, -935, -935, -935, -935, -935, -935, -935, -935, -935, -935, -935, -935, -935, -935, -935, -935, -935, -935, -935, -935, -935, -935, -935, -935, -935, -935, -935, -935, -935, -935, -935, -935, -935, -935, -935, -935, -935, -935, -935, -935, -935, -935, -935, -935, -935, -935, -935, -935, -935, -935, -935, -935, -935, -935, -935, -935, -935, -935, -935, -935, -935, -935, -935, -935, -935, -935, -935, -935, -935, -935, -935, -935, -935, -935, -935, -935, -935, -935, -935, -935, -935, -935, -935, -935, -935, -935, -935, -935, -935, -935, -935, -935, -935, -935, -935, -935, -935, -935, -935, -935, -935, -935, -935, -935, -935, -935, -935, -935, -935, -935, -935, -935, -935, -935, -935, -935, -935, -935, -935, -935, -935, -935, -935, -935, -935, -935, -935, -935, -935, -935, -935, -935, -935, -935, -935, -935, -935, -935, -935, -935, -935, -935, -935, -935, -935, -935, -935, -935, -935, -935, -935, -935, -935, -935, -935, -935, -935, -935, -935, -935, -935, -935, -935, -935, -935, -935, -935, -935, -935, -935, -935, -935, -935, -935, -935, -935, -935, -935, -935, -935, -935, -935, -935, -935, -935, -935, -935, -935, -935, -935, -935, -935, -935, -935, -935, -935, -935, -935, -935, -935, -935, -935, -935, -935, -935, -935, -935, -935, -935, -935, -935, -935, -935, -935, -935, -935, -935, -935, -935, -935, -935, -935, -935, -935, -935, -935, -935, -935, -935, -935, -935, -935, -935, -935, -935, -935, -935, -935, -935, -935, -935, -935, -935, -935, -935, -935, -935, -935, -935, -935, -935, -935, -935, -935, -935, -935, -935, -935, -935, -935, -935, -935, -935, -935, -935, -935, -935, -935, -935, -935, -935, -935, -935, -935, -935, -935, -935, -935, -935, -935, -935, -935, -935, -935, -935, -935, -935, -935, -935, -935, -935, -935, -935, -935, -935, -935, -935, -935, -935, -935, -935, -935, -935, -935, -935, -935, -935, -935, -935, -935, -935, -935, -935, -935, -935, -935, -935, -935, -935, -935, -935, -935, -935, -935, -935, -935, -935, -935, -935, -935, -935, -935, -935, -935, -935, -935, -935, -935, -935, -935, -935, -935, -935, -935, -935, -935, -935, -935, -935, -935, -935, -935, -935, -935, -935, -935, -935, -935, -935, -935, -935, -935, -935, -935, -935, -935, -935, -935, -935, -935, -935, -935, -935, -935, -935, -935, -935, -935, -935, -935, -935, -935, -935, -935, -935, -935, -935, -935, -935, -935, -935, -935, -935, -935, -935, -935, -935, -935, -935, -935, -935, -935, -935, -935, -935, -935, -935, -935, -935, -935, -935, -935, -935, -935, -935, -935, -935, -935, -935, -935, -935, -935, -935, -935, -935, -935, -935, -935, -935, -935, -935, -935, -935, -935, -935, -935, -935, -935, -935, -935, -935, -935, -935, -935, -935, -935, -935, -935, -935, -935, -935, -935, -935, -935, -935, -935, -935, -935, -935, -935, -935, -935, -935, -935, -935, -935, -935, -935, -935, -935, -935, -935, -935, -935, -935, -935, -935, -935, -935, -935, -935, -935, -935, -935, -935, -935, -935, -935, -935, -935, -935, -935, -935, -935, -935, -935, -935, -935, -935, -935, -935, -935, -935, -935, -935, -935, -935, -935, -935, -935, -935, -935, -935, -935, -935, -935, -935, -935, -935, -935, -935, -935, -935, -935, -935, -935, -935, -935, -935, -935, -935, -935, -935, -935, -935, -935, -935, -935, -935, -935, -935, -935, -935, -935, -935, -935, -935, -935, -935, -935, -935, -935, -935, -935, -935, -935, -935, -935, -935, -935, -935, -935, -935, -935, -935, -935, -935, -935, -935, -935, -935, -935, -935, -935, -935, -935, -935, -935, -935, -935, -935, -935, -935, -935, -935, -935, -935, -935, -935, -935, -935, -935, -935, -935, -935, -935, -935, -935, -935, -935, -935, -935, -935, -935, -935, -935, -935, -935, -935, -935, -935, -935, -935, -935, -935, -935, -935, -935, -935, -935, -935, -935, -935, -935, -935, -935, -935, -935, -935, -935, -935, -935, -935, -935, -935, -935, -935, -935, -935, -935, -935, -935, -935, -935, -935, -935, -935, -935, -935, -935, -935, -935, -935, -935, -935, -935, -935, -935, -935, -935, -935, -935, -935, -935, -935, -935, -935, -935, -935, -935, -935, -935, -935, -935, -935, -935, -935, -935, -935, -935, -935, -935, -935, -935, -935, -935, -935, -935, -935, -935, -935, -935, -935, -935, -935, -935, -935, -935, -935, -935, -935, -935, -935, -935, -935, -935, -935, -935, -935, -935, -935, -935, -935, -935, -935, -935, -935, -935, -935, -935, -935, -935, -935, -935, -935, -935, -935, -935, -935, -935, -935, -935, -935, -935, -935, -935, -935, -935, -935, -935, -935, -935, -935, -935, -935, -935, -935, -935, -935, -935, -935, -935, -935, -935, -935, -935, -935, -935, -935, -935, -935, -935, -935, -935, -935, -935, -935, -935, -935, -935, -935, -935, -935, -935, -935, -935, -935, -935, -935, -935, -935, -935, -935, -935, -935, -935, -935, -935, -935, -935, -935, -935, -935, -935, -935, -935, -935, -935, -935, -935, -935, -935, -935, -935, -935, -935, -935, -935, -935, -935, -935, -935, -935, -935, -935, -935, -935, -935, -935, -935, -935, -935, -935, -935, -935, -935, -935, -935, -935, -935, -935, -935, -935, -935, -935, -935, -935, -935, -935, -935, -935, -935, -935, -935, -935, -935, -935, -935, -935, -935, -935, -935, -935, -935, -935, -935, -935, -935, -935, -935, -935, -935, -935, -935, -935, -935, -935, -935, -935, -935, -935, -935, -935, -935, -935, -935, -935, -935, -935, -935, -935, -935, -935, -935, -935, -935, -935, -935, -935, -935, -935, -935, -935, -935, -935, -935, -935, -935, -935, -935, -935, -935, -935, -935, -935, -935, -935, -935, -935, -935, -935, -935, -935, -935, -935, -935, -935, -935, -935, -935, -935, -935, -935, -935, -935, -935, -935, -935, -935, -935, -935, -935, -935, -935, -935, -935, -935, -935, -935, -935, -935, -935, -935, -935, -935, -935, -935, -935, -935, -935, -935, -935, -935, -935, -935, -935, -935, -935, -935, -935, -935, -935, -935, -935, -935, -935, -935, -935, -935, -935, -935, -935, -935, -935, -935, -935, -935, -935, -935, -935, -935, -935, -935, -935, -935, -935, -935, -935, -935, -935, -935, -935, -935, -935, -935, -935, -935, -935, -935, -935, -935, -935, -935, -935, -935, -935, -935, -935, -935, -935, -935, -935, -935, -935, -935, -935, -935, -935, -935, -935, -935, -935, -935, -935, -935, -935, -935, -935, -935, -935, -935, -935, -935, -935, -935, -935, -935, -935, -935, -935, -935, -935, -935, -935, -935, -935, -935, -935, -935, -935, -935, -935, -935, -935, -935, -935, -935, -935, -935, -935, -935, -935, -935, -935, -935, -935, -935, -935, -935, -935, -935, -935, -935, -935, -935, -935, -935, -935, -935, -935, -935, -935, -935, -935, -935, -935, -935, -935, -935, -935, -935, -935, -935, -935, -935, -935, -935, -935, -935, -935, -935, -935, -935, -935, -935, -935, -935, -935, -935, -935, -935, -935, -935, -935, -935, -935, -935, -935, -935, -935, -935, -935, -935, -935, -935, -935, -935, -935, -935, -935, -935, -935, -935, -935, -935, -935, -935, -935, -935, -935, -935, -935, -935, -935, -935, -935, -935, -935, -935, -935, -935, -935, -935, -935, -935, -935, -935, -935, -935, -935, -935, -935, -935, -935, -935, -935, -935, -935, -935, -935, -935, -935, -935, -935, -935, -935, -935, -935, -935, -935, -935, -935, -935, -935, -935, -935, -935, -935, -935, -935, -935, -935, -935, -935, -935, -935, -935, -935, -935, -935, -935, -935, -935, -935, -935, -935, -935, -935, -935, -935, -935, -935, -935, -935, -935, -935, -935, -935, -935, -935, -935, -935, -935, -935, -935, -935, -935, -935, -935, -935, -935, -935, -935, -935, -935, -935, -935, -935, -935, -935, -935, -935, -935, -935, -935, -935, -935, -935, -935, -935, -935, -935, -935, -935, -935, -935, -935, -935, -935, -935, -935, -935, -935, -935, -935, -935, -935, -935, -935, -935, -935, -935, -935, -935, -935, -935, -935, -935, -935, -935, -935, -935, -935, -935, -935, -935, -935, -935, -935, -935, -935, -935, -935, -935, -935, -935, -935, -935, -935, -935, -935, -935, -935, -935, -935, -935, -935, -935, -935, -935, -935, -935, -935, -935, -935, -935, -935, -935, -935, -935, -935, -935, -935, -935, -935, -935, -935, -935, -935, -935, -935, -935, -935, -935, -935, -935, -935, -935, -935, -935, -935, -935, -935, -935, -935, -935, -935, -935, -935, -935, -935, -935, -935, -935, -935, -935, -935, -935, -935, -935, -935, -935, -935, -935, -935, -935, -935, -935, -935, -935, -935, -935, -935, -935, -935, -935, -935, -935, -935, -935, -935, -935, -935, -935, -935, -935, -935, -935, -935, -935, -935, -935, -935, -935, -935, -935, -935, -935, -935, -935, -935, -935, -935, -935, -935, -935, -935, -935, -935, -935, -935, -935, -935, -935, -935, -935, -935, -935, -935, -935, -935, -935, -935, -935, -935, -935, -935, -935, -935, -935, -935, -935, -935, -935, -935, -935, -935, -935, -935, -935, -935, -935, -935, -935, -935, -935, -935, -935, -935, -935, -935, -935, -935, -935, -935, -935, -935, -935, -935, -935, -935, -935, -935, -935, -935, -935, -935, -935, -935, -935, -935, -935, -935, -935, -935, -935, -935, -935, -935, -935, -935, -935, -935, -935, -935, -935, -935, -935, -935, -935, -935, -935, -935, -935, -935, -935, -935, -935, -935, -935, -935, -935, -935, -935, -935, -935, -935, -935, -935, -935, -935, -935, -935, -935, -935, -935, -935, -935, -935, -935, -935, -935, -935, -935, -935, -935, -935, -935, -935, -935, -935, -935, -935, -935, -935, -935, -935, -935, -935, -935, -935, -935, -935, -935, -935, -935, -935, -935, -935, -935, -935, -935, -935, -935, -935, -935, -935, -935, -935, -935, -935, -935, -935, -935, -935, -935, -935, -935, -935, -935, -935, -935, -935, -935, -935, -935, -935, -935, -935, -935, -935, -935, -935, -935, -935, -935, -935, -935, -935, -935, -935, -935, -935, -935, -935, -935, -935, -935, -935, -935, -935, -935, -935, -935, -935, -935, -935, -935, -935, -935, -935, -935, -935, -935, -935, -935, -935, -935, -935, -935, -935, -935, -935, -935, -935, -935, -935, -935, -935, -935, -935, -935, -935, -935, -935, -935, -935, -935, -935, -935, -935, -935, -935, -935, -935, -935, -935, -935, -935, -935, -935, -935, -935, -935, -935, -935, -935, -935, -935, -935, -935, -935, -935, -935, -935, -935, -935, -935, -935, -935, -935, -935, -935, -935, -935, -935, -935, -935, -935, -935, -935, -935, -935, -935, -935, -935, -935, -935, -935, -935, -935, -935, -935, -935, -935, -935, -935, -935, -935, -935, -935, -935, -935, -935, -935, -935, -935, -935, -935, -935, -935, -935, -935, -935, -935, -935, -935, -935, -935, -935, -935, -935, -935, -935, -935, -935, -935, -935, -935, -935, -935, -935, -935, -935, -935, -935, -935, -935, -935, -935, -935, -935, -935, -935, -935, -935, -935, -935, -935, -935, -935, -935, -935, -935, -935, -935, -935, -935, -935, -935, -935, -935, -935, -935, -935, -935, -935, -935, -935, -935, -935, -935, -935, -935, -935, -935, -935, -935, -935, -935, -935, -935, -935, -935, -935, -935, -935, -935, -935, -935, -935, -935, -935, -935, -935, -935, -935, -935, -935, -935, -935, -935, -935, -935, -935, -935, -935, -935, -935, -935, -935, -935, -935, -935, -935, -935, -935, -935, -935, -935, -935, -935, -935, -935, -935, -935, -935, -935, -935, -935, -935, -935, -935, -935, -935, -935, -935, -935, -935, -935, -935, -935, -935, -935, -935, -935, -935, -935, -935, -935, -935, -935, -935, -935, -935, -935, -935, -935, -935, -935, -935, -935, -935, -935, -935, -935, -935, -935, -935, -935, -935, -935, -935, -935, -935, -935, -935, -935, -935, -935, -935, -935, -935, -935, -935, -935, -935, -935, -935, -935, -935, -935, -935, -935, -935, -935, -935, -935, -935, -935, -935, -935, -935, -935, -935, -935, -935, -935, -935, -935, -935, -935, -935, -935, -935, -935, -935, -935, -935, -935, -935, -935, -935, -935, -935, -935, -935, -935, -935, -935, -935, -935, -935, -935, -935, -935, -935, -935, -935, -935, -935, -935, -935, -935, -935, -935, -935, -935, -935, -935, -935, -935, -935, -935, -935, -935, -935, -935, -935, -935, -935, -935, -935, -935, -935, -935, -935, -935, -935, -935, -935, -935, -935, -935, -935, -935, -935, -935, -935, -935, -935, -935, -935, -935, -935, -935, -935, -935, -935, -935, -935, -935, -935, -935, -935, -935, -935, -935, -935, -935, -935, -935, -935, -935, -935, -935, -935, -935, -935, -935, -935, -935, -935, -935, -935, -935, -935, -935, -935, -935, -935, -935, -935, -935, -935, -935, -935, -935, -935, -935, -935, -935, -935, -935, -935, -935, -935, -935, -935, -935, -935, -935, -935, -935, -935, -935, -935, -935, -935, -935, -935, -935, -935, -935, -935, -935, -935, -935, -935, -935, -935, -935, -935, -935, -935, -935, -935, -935, -935, -935, -935, -935, -935, -935, -935, -935, -935, -935, -935, -935, -935, -935, -935, -935, -935, -935, -935, -935, -935, -935, -935, -935, -935, -935, -935, -935, -935, -935, -935, -935, -935, -935, -935, -935, -935, -935, -935, -935, -935, -935, -935, -935, -935, -935, -935, -935, -935, -935, -935, -935, -935, -935, -935, -935, -935, -935, -935, -935, -935, -935, -935, -935, -935, -935, -935, -935, -935, -935, -935, -935, -935, -935, -935, -935, -935, -935, -935, -935, -935, -935, -935, -935, -935, -935, -935, -935, -935, -935, -935, -935, -935, -935, -935, -935, -935, -935, -935, -935, -935, -935, -935, -935, -935, -935, -935, -935, -935, -935, -935, -935, -935, -935, -935, -935, -935, -935, -935, -935, -935, -935, -935, -935, -935, -935, -935, -935, -935, -935, -935, -935, -935, -935, -935, -935, -935, -935, -935, -935, -935, -935, -935, -935, -935, -935, -935, -935, -935, -935, -935, -935, -935, -935, -935, -935, -935, -935, -935, -935, -935, -935, -935, -935, -935, -935, -935, -935, -935, -935, -935, -935, -935, -935, -935, -935, -935, -935, -935, -935, -935, -935, -935, -935, -935, -935, -935, -935, -935, -935, -935, -935, -935, -935, -935, -935, -935, -935, -935, -935, -935, -935, -935, -935, -935, -935, -935, -935, -935, -935, -935, -935, -935, -935, -935, -935, -935, -935, -935, -935, -935, -935, -935, -935, -935, -935, -935, -935, -935, -935, -935, -935, -935, -935, -935, -935, -935, -935, -935, -935, -935, -935, -935, -935, -935, -935, -935, -935, -935, -935, -935, -935, -935, -935, -935, -935, -935, -935, -935, -935, -935, -935, -935, -935, -935, -935, -935, -935, -935, -935, -935, -935, -935, -935, -935, -935, -935, -935, -935, -935, -935, -935, -935, -935, -935, -935, -935, -935, -935, -935, -935, -935, -935, -935, -935, -935, -935, -935, -935, -935, -935, -935, -935, -935, -935, -935, -935, -935, -935, -935, -935, -935, -935, -935, -935, -935, -935, -935, -935, -935, -935, -935, -935, -935, -935, -935, -935, -935, -935, -935, -935, -935, -935, -935, -935, -935, -935, -935, -935, -935, -935, -935, -935, -935, -935, -935, -935, -935, -935, -935, -935, -935, -935, -935, -935, -935, -935, -935, -935, -935, -935, -935, -935, -935, -935, -935, -935, -935, -935, -935, -935, -935, -935, -935, -935, -935, -935, -935, -935, -935, -935, -935, -935, -935, -935, -935, -935, -935, -935, -935, -935, -935, -935, -935, -935, -935, -935, -935, -935, -935, -935, -935, -935, -935, -935, -935, -935, -935, -935, -935, -935, -935, -935, -935, -935, -935, -935, -935, -935, -935, -935, -935, -935, -935, -935, -935, -935, -935, -935, -935, -935, -935, -935, -935, -935, -935, -935, -935, -935, -935, -935, -935, -935, -935, -935, -935, -935, -935, -935, -935, -935, -935, -935, -935, -935, -935, -935, -935, -935, -935, -935, -935, -935, -935, -935, -935, -935, -935, -935, -935, -935, -935, -935, -935, -935, -935, -935, -935, -935, -935, -935, -935, -935, -935, -935, -935, -935, -935, -935, -935, -935, -935, -935, -935, -935, -935, -935, -935, -935, -935, -935, -935, -935, -935, -935, -935, -935, -935, -935, -935, -935, -935, -935, -935, -935, -935, -935, -935, -935, -935, -935, -935, -935, -935, -935, -935, -935, -935, -935, -935, -935, -935, -935, -935, -935, -935, -935, -935, -935, -935, -935, -935, -935, -935, -935, -935, -935, -935, -935, -935, -935, -935, -935, -935, -935, -935, -935, -935, -935, -935, -935, -935, -935, -935, -935, -935, -935, -935, -935, -935, -935, -935, -935, -935, -935, -935, -935, -935, -935, -935, -935, -935, -935, -935, -935, -935, -935, -935, -935, -935, -935, -935, -935, -935, -935, -935, -935, -935, -935, -935, -935, -935, -935, -935, -935, -935, -935, -935, -935, -935, -935, -935, -935, -935, -935, -935, -935, -935, -935, -935, -935, -935, -935, -935, -935, -935, -935, -935, -935, -935, -935, -935, -935, -935, -935, -935, -935, -935, -935, -935, -935, -935, -935, -935, -935, -935, -935, -935, -935, -935, -935, -935, -935, -935, -935, -935, -935, -935, -935, -935, -935, -935, -935, -935, -935, -935, -935, -935, -935, -935, -935, -935, -935, -935, -935, -935, -935, -935, -935, -935, -935, -935, -935, -935, -935, -935, -935, -935, -935, -935, -935, -935, -935, -935, -935, -935, -935, -935, -935, -935, -935, -935, -935, -935, -935, -935, -935, -935, -935, -935, -935, -935, -935, -935, -935, -935, -935, -935, -935, -935, -935, -935, -935, -935, -935, -935, -935, -935, -935, -935, -935, -935, -935, -935, -935, -935, -935, -935, -935, -935, -935, -935, -935, -935, -935, -935, -935, -935, -935, -935, -935, -935, -935, -935, -935, -935, -935, -935, -935, -935, -935, -935, -935, -935, -935, -935, -935, -935, -935, -935, -935, -935, -935, -935, -935, -935, -935, -935, -935, -935, -935, -935, -935, -935, -935, -935, -935, -935, -935, -935, -935, -935, -935, -935, -935, -935, -935, -935, -935, -935, -935, -935, -935, -935, -935, -935, -935, -935, -935, -935, -935, -935, -935, -935, -935, -935, -935, -935, -935, -935, -935, -935, -935, -935, -935, -935, -935, -935, -935, -935, -935, -935, -935, -935, -935, -935, -935, -935, -935, -935, -935, -935, -935, -935, -935, -935, -935, -935, -935, -935, -935, -935, -935, -935, -935, -935, -935, -935, -935, -935, -935, -935, -935, -935, -935, -935, -935, -935, -935, -935, -935, -935, -935, -935, -935, -935, -935, -935, -935, -935, -935, -935, -935, -935, -935, -935, -935, -935, -935, -935, -935, -935, -935, -935, -935, -935, -935, -935, -935, -935, -935, -935, -935, -935, -935, -935, -935, -935, -935, -935, -935, -935, -935, -935, -935, -935, -935, -935, -935, -935, -935, -935, -935, -935, -935, -935, -935, -935, -935, -935, -935, -935, -935, -935, -935, -935, -935, -935, -935, -935, -935, -935, -935, -935, -935, -935, -935, -935, -935, -935, -935, -935, -935, -935, -935, -935, -935, -935, -935, -935, -935, -935, -935, -935, -935, -935, -935, -935, -935, -935, -935, -935, -935, -935, -935, -935, -935, -935, -935, -935, -935, -935, -935, -935, -935, -935, -935, -935, -935, -935, -935, -935, -935, -935, -935, -935, -935, -935, -935, -935, -935, -935, -935, -935, -935, -935, -935, -935, -935, -935, -935, -935, -935, -935, -935, -935, -935, -935, -935, -935, -935, -935, -935, -935, -935, -935, -935, -935, -935, -935, -935, -935, -935, -935, -935, -935, -935, -935, -935, -935, -935, -935, -935, -935, -935, -935, -935, -935, -935, -935, -935, -935, -935, -935, -935, -935, -935, -935, -935, -935, -935, -935, -935, -935, -935, -935, -935, -935, -935, -935, -935, -935, -935, -935, -935, -935, -935, -935, -935, -935, -935, -935, -935, -935, -935, -935, -935, -935, -935, -935, -935, -935, -935, -935, -935, -935, -935, -935, -935, -935, -935, -935, -935, -935, -935, -935, -935, -935, -935, -935, -935, -935, -935, -935, -935, -935, -935, -935, -935, -935, -935, -935, -935, -935, -935, -935, -935, -935, -935, -935, -935, -935, -935, -935, -935, -935, -935, -935, -935, -935, -935, -935, -935, -935, -935, -935, -935, -935, -935, -935, -935, -935, -935, -935, -935, -935, -935, -935, -935, -935, -935, -935, -935, -935, -935, -935, -935, -935, -935, -935, -935, -935, -935, -935, -935, -935, -935, -935, -935, -935, -935, -935, -935, -935, -935, -935, -935, -935, -935, -935, -935, -935, -935, -935, -935, -935, -935, -935, -935, -935, -935, -935, -935, -935, -935, -935, -935, -935, -935, -935, -935, -935, -935, -935, -935, -935, -935, -935, -935, -935, -935, -935, -935, -935, -935, -935, -935, -935, -935, -935, -935, -935, -935, -935, -935, -935, -935, -935, -935, -935, -935, -935, -935, -935, -935, -935, -935, -935, -935, -935, -935, -935, -935, -935, -935, -935, -935, -935, -935, -935, -935, -935, -935, -935, -935, -935, -935, -935, -935, -935, -935, -935, -935, -935, -935, -935, -935, -935, -935, -935, -935, -935, -935, -935, -935, -935, -935, -935, -935, -935, -935, -935, -935, -935, -935, -935, -935, -935, -935, -935, -935, -935, -935, -935, -935, -935, -935, -935, -935, -935, -935, -935, -935, -935, -935, -935, -935, -935, -935, -935, -935, -935, -935, -935, -935, -935, -935, -935, -935, -935, -935, -935, -935, -935, -935, -935, -935, -935, -935, -935, -935, -935, -935, -935, -935, -935, -935, -935, -935, -935, -935, -935, -935, -935, -935, -935, -935, -935, -935, -935, -935, -935, -935, -935, -935, -935, -935, -935, -935, -935, -935, -935, -935, -935, -935, -935, -935, -935, -935, -935, -935, -935, -935, -935, -935, -935, -935, -935, -935, -935, -935, -935, -935, -935, -935, -935, -935, -935, -935, -935, -935, -935, -935, -935, -935, -935, -935, -935, -935, -935, -935, -935, -935, -935, -935, -935, -935, -935, -935, -935, -935, -935, -935, -935, -935, -935, -935, -935, -935, -935, -935, -935, -935, -935, -935, -935, -935, -935, -935, -935, -935, -935, -935, -935, -935, -935, -935, -935, -935, -935, -935, -935, -935, -935, -935, -935, -935, -935, -935, -935, -935, -935, -935, -935, -935, -935, -935, -935, -935, -935, -935, -935, -935, -935, -935, -935, -935, -935, -935, -935, -935, -935, -935, -935, -935, -935, -935, -935, -935, -935, -935, -935, -935, -935, -935, -935, -935, -935, -935, -935, -935, -935, -935, -935, -935, -935, -935, -935, -935, -935, -935, -935, -935, -935, -935, -935, -935, -935, -935, -935, -935, -935, -935, -935, -935, -935, -935, -935, -935, -935, -935, -935, -935, -935, -935, -935, -935, -935, -935, -935, -935, -935, -935, -935, -935, -935, -935, -935, -935, -935, -935, -935, -935, -935, -935, -935, -935, -935, -935, -935, -935, -935, -935, -935, -935, -935, -935, -935, -935, -935, -935, -935, -935, -935, -935, -935, -935, -935, -935, -935, -935, -935, -935, -935, -935, -935, -935, -935, -935, -935, -935, -935, -935, -935, -935, -935, -935, -935, -935, -935, -935, -935, -935, -935, -935, -935, -935, -935, -935, -935, -935, -935, -935, -935, -935, -935, -935, -935, -935, -935, -935, -935, -935, -935, -935, -935, -935, -935, -935, -935, -935, -935, -935, -935, -935, -935, -935, -935, -935, -935, -935, -935, -935, -935, -935, -935, -935, -935, -935, -935, -935, -935, -935, -935, -935, -935, -935, -935, -935, -935, -935, -935, -935, -935, -935, -935, -935, -935, -935, -935, -935, -935, -935, -935, -935, -935, -935, -935, -935, -935, -935, -935, -935, -935, -935, -935, -935, -935, -935, -935, -935, -935, -935, -935, -935, -935, -935, -935, -935, -935, -935, -935, -935, -935, -935, -935, -935, -935, -935, -935, -935, -935, -935, -935, -935, -935, -935, -935, -935, -935, -935, -935, -935, -935, -935, -935, -935, -935, -935, -935, -935, -935, -935, -935, -935, -935, -935, -935, -935, -935, -935, -935, -935, -935, -935, -935, -935, -935, -935, -935, -935, -935, -935, -935, -935, -935, -935, -935, -935, -935, -935, -935, -935, -935, -935, -935, -935, -935, -935, -935, -935, -935, -935, -935, -935, -935, -935, -935, -935, -935, -935, -935, -935, -935, -935, -935, -935, -935, -935, -935, -935, -935, -935, -935, -935, -935, -935, -935, -935, -935, -935, -935, -935, -935, -935, -935, -935, -935, -935, -935, -935, -935, -935, -935, -935, -935, -935, -935, -935, -935, -935, -935, -935, -935, -935, -935, -935, -935, -935, -935, -935, -935, -935, -935, -935, -935, -935, -935, -935, -935, -935, -935, -935, -935, -935, -935, -935, -935, -935, -935, -935, -935, -935, -935, -935, -935, -935, -935, -935, -935, -935, -935, -935, -935, -935, -935, -935, -935, -935, -935, -935, -935, -935, -935, -935, -935, -935, -935, -935, -935, -935, -935, -935, -935, -935, -935, -935, -935, -935, -935, -935, -935, -935, -935, -935, -935, -935, -935, -935, -935, -935, -935, -935, -935, -935, -935, -935, -935, -935, -935, -935, -935, -935, -935, -935, -935, -935, -935, -935, -935, -935, -935, -935, -935, -935, -935, -935, -935, -935, -935, -935, -935, -935, -935, -935, -935, -935, -935, -935, -935, -935, -935, -935, -935, -935, -935, -935, -935, -935, -935, -935, -935, -935, -935, -935, -935, -935, -935, -935, -935, -935, -935, -935, -935, -935, -935, -935, -935, -935, -935, -935, -935, -935, -935, -935, -935, -935, -935, -935, -935, -935, -935, -935, -935, -935, -935, -935, -935, -935, -935, -935, -935, -935, -935, -935, -935, -935, -935, -935, -935, -935, -935, -935, -935, -935, -935, -935, -935, -935, -935, -935, -935, -935, -935, -935, -935, -935, -935, -935, -935, -935, -935, -935, -935, -935, -935, -935, -935, -935, -935, -935, -935, -935, -935, -935, -935, -935, -935, -935, -935, -935, -935, -935, -935, -935, -935, -935, -935, -935, -935, -935, -935, -935, -935, -935, -935, -935, -935, -935, -935, -935, -935, -935, -935, -935, -935, -935, -935, -935, -935, -935, -935, -935, -935, -935, -935, -935, -935, -935, -935, -935, -935, -935, -935, -935, -935, -935, -935, -935, -935, -935, -935, -935, -935, -935, -935, -935, -935, -935, -935, -935, -935, -935, -935, -935, -935, -935, -935, -935, -935, -935, -935, -935, -935, -935, -935, -935, -935, -935, -935, -935, -935, -935, -935, -935, -935, -935, -935, -935, -935, -935, -935, -935, -935, -935, -935, -935, -935, -935, -935, -935, -935, -935, -935, -935, -935, -935, -935, -935, -935, -935, -935, -935, -935, -935, -935, -935, -935, -935, -935, -935, -935, -935, -935, -935, -935, -935, -935, -935, -935, -935, -935, -935, -935, -935, -935, -935, -935, -935, -935, -935, -935, -935, -935, -935, -935, -935, -935, -935, -935, -935, -935, -935, -935, -935, -935, -935, -935, -935, -935, -935, -935, -935, -935, -935, -935, -935, -935, -935, -935, -935, -935, -935, -935, -935, -935, -935, -935, -935, -935, -935, -935, -935, -935, -935, -935, -935, -935, -935, -935, -935, -935, -935, -935, -935, -935, -935, -935, -935, -935, -935, -935, -935, -935, -935, -935, -935, -935, -935, -935, -935, -935, -935, -935, -935, -935, -935, -935, -935, -935, -935, -935, -935, -935, -935, -935, -935, -935, -935, -935, -935, -935, -935, -935, -935, -935, -935, -935, -935, -935, -935, -935, -935, -935, -935, -935, -935, -935, -935, -935, -935, -935, -935, -935, -935, -935, -935, -935, -935, -935, -935, -935, -935, -935, -935, -935, -935, -935, -935, -935, -935, -935, -935, -935, -935, -935, -935, -935, -935, -935, -935, -935, -935, -935, -935, -935, -935, -935, -935, -935, -935, -935, -935, -935, -935, -935, -935, -935, -935, -935, -935, -935, -935, -935, -935, -935, -935, -935, -935, -935, -935, -935, -935, -935, -935, -935, -935, -935, -935, -935, -935, -935, -935, -935, -935, -935, -935, -935, -935, -935, -935, -935, -935, -935, -935, -935, -935, -935, -935, -935, -935, -935, -935, -935, -935, -935, -935, -935, -935, -935, -935, -935, -935, -935, -935, -935, -935, -935, -935, -935, -935, -935, -935, -935, -935, -935, -935, -935, -935, -935, -935, -935, -935, -935, -935, -935, -935, -935, -935, -935, -935, -935, -935, -935, -935, -935, -935, -935, -935, -935, -935, -935, -935, -935, -935, -935, -935, -935, -935, -935, -935, -935, -935, -935, -935, -935, -935, -935, -935, -935, -935, -935, -935, -935, -935, -935, -935, -935, -935, -935, -935, -935, -935, -935, -935, -935, -935, -935, -935, -935, -935, -935, -935, -935, -935, -935, -935, -935, -935, -935, -935, -935, -935, -935, -935, -935, -935, -935, -935, -935, -935, -935, -935, -935, -935, -935, -935, -935, -935, -935, -935, -935, -935, -935, -935, -935, -935, -935, -935, -935, -935, -935, -935, -935, -935, -935, -935, -935, -935, -935, -935, -935, -935, -935, -935, -935, -935, -935, -935, -935, -935, -935, -935, -935, -935, -935, -935, -935, -935, -935, -935, -935, -935, -935, -935, -935, -935, -935, -935, -935, -935, -935, -935, -935, -935, -935, -935, -935, -935, -935, -935, -935, -935, -935, -935, -935, -935, -935, -935, -935, -935, -935, -935, -935, -935, -935, -935, -935, -935, -935, -935, -935, -935, -935, -935, -935, -935, -935, -935, -935, -935, -935, -935, -935, -935, -935, -935, -935, -935, -935, -935, -935, -935, -935, -935, -935, -935, -935, -935, -935, -935, -935, -935, -935, -935, -935, -935, -935, -935, -935, -935, -935, -935, -935, -935, -935, -935, -935, -935, -935, -935, -935, -935, -935, -935, -935, -935, -935, -935, -935, -935, -935, -935, -935, -935, -935, -935, -935, -935, -935, -935, -935, -935, -935, -935, -935, -935, -935, -935, -935, -935, -935, -935, -935, -935, -935, -935, -935, -935, -935, -935, -935, -935, -935, -935, -935, -935, -935, -935, -935, -935, -935, -935, -935, -935, -935, -935, -935, -935, -935, -935, -935, -935, -935, -935, -935, -935, -935, -935, -935, -935, -935, -935, -935, -935, -935, -935, -935, -935, -935, -935, -935, -935, -935, -935, -935, -935, -935, -935, -935, -935, -935, -935, -935, -935, -935, -935, -935, -935, -935, -935, -935, -935, -935, -935, -935, -935, -935, -935, -935, -935, -935, -935, -935, -935, -935, -935, -935, -935, -935, -935, -935, -935, -935, -935, -935, -935, -935, -935, -935, -935, -935, -935, -935, -935, -935, -935, -935, -935, -935, -935, -935, -935, -935, -935, -935, -935, -935, -935, -935, -935, -935, -935, -935, -935, -935, -935, -935, -935, -935, -935, -935, -935, -935, -935, -935, -935, -935, -935, -935, -935, -935, -935, -935, -935, -935, -935, -935, -935, -935, -935, -935, -935, -935, -935, -935, -935, -935, -935, -935, -935, -935, -935, -935, -935, -935, -935, -935, -935, -935, -935, -935, -935, -935, -935, -935, -935, -935, -935, -935, -935, -935, -935, -935, -935, -935, -935, -935, -935, -935, -935, -935, -935, -935, -935, -935, -935, -935, -935, -935, -935, -935, -935, -935, -935, -935, -935, -935, -935, -935, -935, -935, -935, -935, -935, -935, -935, -935, -935, -935, -935, -935, -935, -935, -935, -935, -935, -935, -935, -935, -935, -935, -935, -935, -935, -935, -935, -935, -935, -935, -935, -935, -935, -935, -935, -935, -935, -935, -935, -935, -935, -935, -935, -935, -935, -935, -935, -935, -935, -935, -935, -935, -935, -935, -935, -935, -935, -935, -935, -935, -935, -935, -935, -935, -935, -935, -935, -935, -935, -935, -935, -935, -935, -935, -935, -935, -935, -935, -935, -935, -935, -935, -935, -935, -935, -935, -935, -935, -935, -935, -935, -935, -935, -935, -935, -935, -935, -935, -935, -935, -935, -935, -935, -935, -935, -935, -935, -935, -935, -935, -935, -935, -935, -935, -935, -935, -935, -935, -935, -935, -935, -935, -935, -935, -935, -935, -935, -935, -935, -935, -935, -935, -935, -935, -935, -935, -935, -935, -935, -935, -935, -935, -935, -935, -935, -935, -935, -935, -935, -935, -935, -935, -935, -935, -935, -935, -935, -935, -935, -935, -935, -935, -935, -935, -935, -935, -935, -935, -935, -935, -935, -935, -935, -935, -935, -935, -935, -935, -935, -935, -935, -935, -935, -935, -935, -935, -935, -935, -935, -935, -935, -935, -935, -935, -935, -935, -935, -935, -935, -935, -935, -935, -935, -935, -935, -935, -935, -935, -935, -935, -935, -935, -935, -935, -935, -935, -935, -935, -935, -935, -935, -935, -935, -935, -935, -935, -935, -935, -935, -935, -935, -935, -935, -935, -935, -935, -935, -935, -935, -935, -935, -935, -935, -935, -935, -935, -935, -935, -935, -935, -935, -935, -935, -935, -935, -935, -935, -935, -935, -935, -935, -935, -935, -935, -935, -935, -935, -935, -935, -935, -935, -935, -935, -935, -935, -935, -935, -935, -935, -935, -935, -935, -935, -935, -935, -935, -935, -935, -935, -935, -935, -935, -935, -935, -935, -935, -935, -935, -935, -935, -935, -935, -935, -935, -935, -935, -935, -935, -935, -935, -935, -935, -935, -935, -935, -935, -935, -935, -935, -935, -935, -935, -935, -935, -935, -935, -935, -935, -935, -935, -935, -935, -935, -935, -935, -935, -935, -935, -935, -935, -935, -935, -935, -935, -935, -935, -935, -935, -935, -935, -935, -935, -935, -935, -935, -935, -935, -935, -935, -935, -935, -935, -935, -935, -935, -935, -935, -935, -935, -935, -935, -935, -935, -935, -935, -935, -935, -935, -935, -935, -935, -935, -935, -935, -935, -935, -935, -935, -935, -935, -935, -935, -935, -935, -935, -935, -935, -935, -935, -935, -935, -935, -935, -935, -935, -935, -935, -935, -935, -935, -935, -935, -935, -935, -935, -935, -935, -935, -935, -935, -935, -935, -935, -935, -935, -935, -935, -935, -935, -935, -935, -935, -935, -935, -935, -935, -935, -935, -935, -935, -935, -935, -935, -935, -935, -935, -935, -935, -935, -935, -935, -935, -935, -935, -935, -935, -935, -935, -935, -935, -935, -935, -935, -935, -935, -935, -935, -935, -935, -935, -935, -935, -935, -935, -935, -935, -935, -935, -935, -935, -935, -935, -935, -935, -935, -935, -935, -935, -935, -935, -935, -935, -935, -935, -935, -935, -935, -935, -935, -935, -935, -935, -935, -935, -935, -935, -935, -935, -935, -935, -935, -935, -935, -935, -935, -935, -935, -935, -935, -935, -935, -935, -935, -935, -935, -935, -935, -935, -935, -935, -935, -935, -935, -935, -935, -935, -935, -935, -935, -935, -935, -935, -935, -935, -935, -935, -935, -935, -935, -935, -935, -935, -935, -935, -935, -935, -935, -935, -935, -935, -935, -935, -935, -935, -935, -935, -935, -935, -935, -935, -935, -935, -935, -935, -935, -935, -935, -935, -935, -935, -935, -935, -935, -935, -935, -935, -935, -935, -935, -935, -935, -935, -935, -935, -935, -935, -935, -935, -935, -935, -935, -935, -935, -935, -935, -935, -935, -935, -935, -935, -935, -935, -935, -935, -935, -935, -935, -935, -935, -935, -935, -935, -935, -935, -935, -935, -935, -935, -935, -935, -935, -935, -935, -935, -935, -935, -935, -935, -935, -935, -935, -935, -935, -935, -935, -935, -935, -935, -935, -935, -935, -935, -935, -935, -935, -935, -935, -935, -935, -935, -935, -935, -935, -935, -935, -935, -935, -935, -935, -935, -935, -935, -935, -935, -935, -935, -935, -935, -935, -935, -935, -935, -935, -935, -935, -935, -935, -935, -935, -935, -935, -935, -935, -935, -935, -935, -935, -935, -935, -935, -935, -935, -935, -935, -935, -935, -935, -935, -935, -935, -935, -935, -935, -935, -935, -935, -935, -935, -935, -935, -935, -935, -935, -935, -935, -935, -935, -935, -935, -935, -935, -935, -935, -935, -935, -935, -935, -935, -935, -935, -935, -935, -935, -935, -935, -935, -935, -935, -935, -935, -935, -935, -935, -935, -935, -935, -935, -935, -935, -935, -935, -935, -935, -935, -935, -935, -935, -935, -935, -935, -935, -935, -935, -935, -935, -935, -935, -935, -935, -935, -935, -935, -935, -935, -935, -935, -935, -935, -935, -935, -935, -935, -935, -935, -935, -935, -935, -935, -935, -935, -935, -935, -935, -935, -935, -935, -935, -935, -935, -935, -935, -935, -935, -935, -935, -935, -935, -935, -935, -935, -935, -935, -935, -935, -935, -935, -935, -935, -935, -935, -935, -935, -935, -935, -935, -935, -935, -935, -935, -935, -935, -935, -935, -935, -935, -935, -935, -935, -935, -935, -935, -935, -935, -935, -935, -935, -935, -935, -935, -935, -935, -935, -935, -935, -935, -935, -935, -935, -935, -935, -935, -935, -935, -935, -935, -935, -935, -935, -935, -935, -935, -935, -935, -935, -935, -935, -935, -935, -935, -935, -935, -935, -935, -935, -935, -935, -935, -935, -935, -935, -935, -935, -935, -935, -935, -935, -935, -935, -935, -935, -935, -935, -935, -935, -935, -935, -935, -935, -935, -935, -935, -935, -935, -935, -935, -935, -935, -935, -935, -935, -935, -935, -935, -935, -935, -935, -935, -935, -935, -935, -935, -935, -935, -935, -935, -935, -935, -935, -935, -935, -935, -935, -935, -935, -935, -935, -935, -935, -935, -935, -935, -935, -935, -935, -935, -935, -935, -935, -935, -935, -935, -935, -935, -935, -935, -935, -935, -935, -935, -935, -935, -935, -935, -935, -935, -935, -935, -935, -935, -935, -935, -935, -935, -935, -935, -935, -935, -935, -935, -935, -935, -935, -935, -935, -935, -935, -935, -935, -935, -935, -935, -935, -935, -935, -935, -935, -935, -935, -935, -935, -935, -935, -935, -935, -935, -935, -935, -935, -935, -935, -935, -935, -935, -935, -935, -935, -935, -935, -935, -935, -935, -935, -935, -935, -935, -935, -935, -935, -935, -935, -935, -935, -935, -935, -935, -935, -935, -935, -935, -935, -935, -935, -935, -935, -935, -935, -935, -935, -935, -935, -935, -935, -935, -935, -935, -935, -935, -935, -935, -935, -935, -935, -935, -935, -935, -935, -935, -935, -935, -935, -935, -935, -935, -935, -935, -935, -935, -935, -935, -935, -935, -935, -935, -935, -935, -935, -935, -935, -935, -935, -935, -935, -935, -935, -935, -935, -935, -935, -935, -935, -935, -935, -935, -935, -935, -935, -935, -935, -935, -935, -935, -935, -935, -935, -935, -935, -935, -935, -935, -935, -935, -935, -935, -935, -935, -935, -935, -935, -935, -935, -935, -935, -935, -935, -935, -935, -935, -935, -935, -935, -935, -935, -935, -935, -935, -935, -935, -935, -935, -935, -935, -935, -935, -935, -935, -935, -935, -935, -935, -935, -935, -935, -935, -935, -935, -935, -935, -935, -935, -935, -935, -935, -935, -935, -935, -935, -935, -935, -935, -935, -935, -935, -935, -935, -935, -935, -935, -935, -935, -935, -935, -935, -935, -935, -935, -935, -935, -935, -935, -935, -935, -935, -935, -935, -935, -935, -935, -935, -935, -935, -935, -935, -935, -935, -935, -935, -935, -935, -935, -935, -935, -935, -935, -935, -935, -935, -935, -935, -935, -935, -935, -935, -935, -935, -935, -935, -935, -935, -935, -935, -935, -935, -935, -935, -935, -935, -935, -935, -935, -935, -935, -935, -935, -935, -935, -935, -935, -935, -935, -935, -935, -935, -935, -935, -935, -935, -935, -935, -935, -935, -935, -935, -935, -935, -935, -935, -935, -935, -935, -935, -935, -935, -935, -935, -935, -935, -935, -935, -935, -935, -935, -935, -935, -935, -935, -935, -935, -935, -935, -935, -935, -935, -935, -935, -935, -935, -935, -935, -935, -935, -935, -935, -935, -935, -935, -935, -935, -935, -935, -935, -935, -935, -935, -935, -935, -935, -935, -935, -935, -935, -935, -935, -935, -935, -935, -935, -935, -935, -935, -935, -935, -935, -935, -935, -935, -935, -935, -935, -935, -935, -935, -935, -935, -935, -935, -935, -935, -935, -935, -935, -935, -935, -935, -935, -935, -935, -935, -935, -935, -935, -935, -935, -935, -935, -935, -935, -935, -935, -935, -935, -935, -935, -935, -935, -935, -935, -935, -935, -935, -935, -935, -935, -935, -935, -935, -935, -935, -935, -935, -935, -935, -935, -935, -935, -935, -935, -935, -935, -935, -935, -935, -935, -935, -935, -935, -935, -935, -935, -935, -935, -935, -935, -935, -935, -935, -935, -935, -935, -935, -935, -935, -935, -935, -935, -935, -935, -935, -935, -935, -935, -935, -935, -935, -935, -935, -935, -935, -935, -935, -935, -935, -935, -935, -935, -935, -935, -935, -935, -935, -935, -935, -935, -935, -935, -935, -935, -935, -935, -935, -935, -935, -935, -935, -935, -935, -935, -935, -935, -935, -935, -935, -935, -935, -935, -935, -935, -935, -935, -935, -935, -935, -935, -935, -935, -935, -935, -935, -935, -935, -935, -935, -935, -935, -935, -935, -935, -935, -935, -935, -935, -935, -935, -935, -935, -935, -935, -935, -935, -935, -935, -935, -935, -935, -935, -935, -935, -935, -935, -935, -935, -935, -935, -935, -935, -935, -935, -935, -935, -935, -935, -935, -935, -935, -935, -935, -935, -935, -935, -935, -935, -935, -935, -935, -935, -935, -935, -935, -935, -935, -935, -935, -935, -935, -935, -935, -935, -935, -935, -935, -935, -935, -935, -935, -935, -935, -935, -935, -935, -935, -935, -935, -935, -935, -935, -935, -935, -935, -935, -935, -935, -935, -935, -935, -935, -935, -935, -935, -935, -935, -935, -935, -935, -935, -935, -935, -935, -935, -935, -935, -935, -935, -935, -935, -935, -935, -935, -935, -935, -935, -935, -935, -935, -935, -935, -935, -935, -935, -935, -935, -935, -935, -935, -935, -935, -935, -935, -935, -935, -935, -935, -935, -935, -935, -935, -935, -935, -935, -935, -935, -935, -935, -935, -935, -935, -935, -935, -935, -935, -935, -935, -935, -935, -935, -935, -935, -935, -935, -935, -935, -935, -935, -935, -935, -935, -935, -935, -935, -935, -935, -935, -935, -935, -935, -935, -935, -935, -935, -935, -935, -935, -935, -935, -935, -935, -935, -935, -935, -935, -935, -935, -935, -935, -935, -935, -935, -935, -935, -935, -935, -935, -935, -935, -935, -935, -935, -935, -935, -935, -935, -935, -935, -935, -935, -935, -935, -935, -935, -935, -935, -935, -935, -935, -935, -935, -935, -935, -935, -935, -935, -935, -935, -935, -935, -935, -935, -935, -935, -935, -935, -935, -935, -935, -935, -935, -935, -935, -935, -935, -935, -935, -935, -935, -935, -935, -935, -935, -935, -935, -935, -935, -935, -935, -935, -935, -935, -935, -935, -935, -935, -935, -935, -935, -935, -935, -935, -935, -935, -935, -935, -935, -935, -935, -935, -935, -935, -935, -935, -935, -935, -935, -935, -935, -935, -935, -935, -935, -935, -935, -935, -935, -935, -935, -935, -935, -935, -935, -935, -935, -935, -935, -935, -935, -935, -935, -935, -935, -935, -935, -935, -935, -935, -935, -935, -935, -935, -935, -935, -935, -935, -935, -935, -935, -935, -935, -935, -935, -935, -935, -935, -935, -935, -935, -935, -935, -935, -935, -935, -935, -935, -935, -935, -935, -935, -935, -935, -935, -935, -935, -935, -935, -935, -935, -935, -935, -935, -935, -935, -935, -935, -935, -935, -935, -935, -935, -935, -935, -935, -935, -935, -935, -935, -935, -935, -935, -935, -935, -935, -935, -935, -935, -935, -935, -935, -935, -935, -935, -935, -935, -935, -935, -935, -935, -935, -935, -935, -935, -935, -935, -935, -935, -935, -935, -935, -935, -935, -935, -935, -935, -935, -935, -935, -935, -935, -935, -935, -935, -935, -935, -935, -935, -935, -935, -935, -935, -935, -935, -935, -935, -935, -935, -935, -935, -935, -935, -935, -935, -935, -935, -935, -935, -935, -935, -935, -935, -935, -935, -935, -935, -935, -935, -935, -935, -935, -935, -935, -935, -935, -935, -935, -935, -935, -935, -935, -935, -935, -935, -935, -935, -935, -935, -935, -935, -935, -935, -935, -935, -935, -935, -935, -935, -935, -935, -935, -935, -935, -935, -935, -935, -935, -935, -935, -935, -935, -935, -935, -935, -935, -935, -935, -935, -935, -935, -935, -935, -935, -935, -935, -935, -935, -935, -935, -935, -935, -935, -935, -935, -935, -935, -935, -935, -935, -935, -935, -935, -935, -935, -935, -935, -935, -935, -935, -935, -935, -935, -935, -935, -935, -935, -935, -935, -935, -935, -935, -935, -935, -935, -935, -935, -935, -935, -935, -935, -935, -935, -935, -935, -935, -935, -935, -935, -935, -935, -935, -935, -935, -935, -935, -935, -935, -935, -935, -935, -935, -935, -935, -935, -935, -935, -935, -935, -935, -935, -935, -935, -935, -935, -935, -935, -935, -935, -935, -935, -935, -935, -935, -935, -935, -935, -935, -935, -935, -935, -935, -935, -935, -935, -935, -935, -935, -935, -935, -935, -935, -935, -935, -935, -935, -935, -935, -935, -935, -935, -935, -935, -935, -935, -935, -935, -935, -935, -935, -935, -935, -935, -935, -935, -935, -935, -935, -935, -935, -935, -935, -935, -935, -935, -935, -935, -935, -935, -935, -935, -935, -935, -935, -935, -935, -935, -935, -935, -935, -935, -935, -935, -935, -935, -935, -935, -935, -935, -935, -935, -935, -935, -935, -935, -935, -935, -935, -935, -935, -935, -935, -935, -935, -935, -935, -935, -935, -935, -935, -935, -935, -935, -935, -935, -935, -935, -935, -935, -935, -935, -935, -935, -935, -935, -935, -935, -935, -935, -935, -935, -935, -935, -935, -935, -935, -935, -935, -935, -935, -935, -935, -935, -935, -935, -935, -935, -935, -935, -935, -935, -935, -935, -935, -935, -935, -935, -935, -935, -935, -935, -935, -935, -935, -935, -935, -935, -935, -935, -935, -935, -935, -935, -935, -935, -935, -935, -935, -935, -935, -935, -935, -935, -935, -935, -935, -935, -935, -935, -935, -935, -935, -935, -935, -935, -935, -935, -935, -935, -935, -935, -935, -935, -935, -935, -935, -935, -935, -935, -935, -935, -935, -935, -935, -935, -935, -935, -935, -935, -935, -935, -935, -935, -935, -935, -935, -935, -935, -935, -935, -935, -935, -935, -935, -935, -935, -935, -935, -935, -935, -935, -935, -935, -935, -935, -935, -935, -935, -935, -935, -935, -935, -935, -935, -935, -935, -935, -935, -935, -935, -935, -935, -935, -935, -935, -935, -935, -935, -935, -935, -935, -935, -935, -935, -935, -935, -935, -935, -935, -935, -935, -935, -935, -935, -935, -935, -935, -935, -935, -935, -935, -935, -935, -935, -935, -935, -935, -935, -935, -935, -935, -935, -935, -935, -935, -935, -935, -935, -935, -935, -935, -935, -935, -935, -935, -935, -935, -935, -935, -935, -935, -935, -935, -935, -935, -935, -935, -935, -935, -935, -935, -935, -935, -935, -935, -935, -935, -935, -935, -935, -935, -935, -935, -935, -935, -935, -935, -935, -935, -935, -935, -935, -935, -935, -935, -935, -935, -935, -935, -935, -935, -935, -935, -935, -935, -935, -935, -935, -935, -935, -935, -935, -935, -935, -935, -935, -935, -935, -935, -935, -935, -935, -935, -935, -935, -935, -935, -935, -935, -935, -935, -935, -935, -935, -935, -935, -935, -935, -935, -935, -935, -935, -935, -935, -935, -935, -935, -935, -935, -935, -935, -935, -935, -935, -935, -935, -935, -935, -935, -935, -935, -935, -935, -935, -935, -935, -935, -935, -935, -935, -935, -935, -935, -935, -935, -935, -935, -935, -935, -935, -935, -935, -935, -935, -935, -935, -935, -935, -935, -935, -935, -935, -935, -935, -935, -935, -935, -935, -935, -935, -935, -935, -935, -935, -935, -935, -935, -935, -935, -935, -935, -935, -935, -935, -935, -935, -935, -935, -935, -935, -935, -935, -935, -935, -935, -935, -935, -935, -935, -935, -935, -935, -935, -935, -935, -935, -935, -935, -935, -935, -935, -935, -935, -935, -935, -935, -935, -935, -935, -935, -935, -935, -935, -935, -935, -935, -935, -935, -935, -935, -935, -935, -935, -935, -935, -935, -935, -935, -935, -935, -935, -935, -935, -935, -935, -935, -935, -935, -935, -935, -935, -935, -935, -935, -935, -935, -935, -935, -935, -935, -935, -935, -935, -935, -935, -935, -935, -935, -935, -935, -935, -935, -935, -935, -935, -935, -935, -935, -935, -935, -935, -935, -935, -935, -935, -935, -935, -935, -935, -935, -935, -935, -935, -935, -935, -935, -935, -935, -935, -935, -935, -935, -935, -935, -935, -935, -935, -935, -935, -935, -935, -935, -935, -935, -935, -935, -935, -935, -935, -935, -935, -935, -935, -935, -935, -935, -935, -935, -935, -935, -935, -935, -935, -935, -935, -935, -935, -935, -935, -935, -935, -935, -935, -935, -935, -935, -935, -935, -935, -935, -935, -935, -935, -935, -935, -935, -935, -935, -935, -935, -935, -935, -935, -935, -935, -935, -935, -935, -935, -935, -935, -935, -935, -935, -935, -935, -935, -935, -935, -935, -935, -935, -935, -935, -935, -935, -935, -935, -935, -935, -935, -935, -935, -935, -935, -935, -935, -935, -935, -935, -935, -935, -935, -935, -935, -935, -935, -935, -935, -935, -935, -935, -935, -935, -935, -935, -935, -935, -935, -935, -935, -935, -935, -935, -935, -935, -935, -935, -935, -935, -935, -935, -935, -935, -935, -935, -935, -935, -935, -935, -935, -935, -935, -935, -935, -935, -935, -935, -935, -935, -935, -935, -935, -935, -935, -935, -935, -935, -935, -935, -935, -935, -935, -935, -935, -935, -935, -935, -935, -935, -935, -935, -935, -935, -935, -935, -935, -935, -935, -935, -935, -935, -935, -935, -935, -935, -935, -935, -935, -935, -935, -935, -935, -935, -935, -935, -935, -935, -935, -935, -935, -935, -935, -935, -935, -935, -935, -935, -935, -935, -935, -935, -935, -935, -935, -935, -935, -935, -935, -935, -935, -935, -935, -935, -935, -935, -935, -935, -935, -935, -935, -935, -935, -935, -935, -935, -935, -935, -935, -935, -935, -935, -935, -935, -935, -935, -935, -935, -935, -935, -935, -935, -935, -935, -935, -935, -935, -935, -935, -935, -935, -935, -935, -935, -935, -935, -935, -935, -935, -935, -935, -935, -935, -935, -935, -935, -935, -935, -935, -935, -935, -935, -935, -935, -935, -935, -935, -935, -935, -935, -935, -935, -935, -935, -935, -935, -935, -935, -935, -935, -935, -935, -935, -935, -935, -935, -935, -935, -935, -935, -935, -935, -935, -935, -935, -935, -935, -935, -935, -935, -935, -935, -935, -935, -935, -935, -935, -935, -935, -935, -935, -935, -935, -935, -935, -935, -935, -935, -935, -935, -935, -935, -935, -935, -935, -935, -935, -935, -935, -935, -935, -935, -935, -935, -935, -935, -935, -935, -935, -935, -935, -935, -935, -935, -935, -935, -935, -935, -935, -935, -935, -935, -935, -935, -935, -935, -935, -935, -935, -935, -935, -935, -935, -935, -935, -935, -935, -935, -935, -935, -935, -935, -935, -935, -935, -935, -935, -935, -935, -935, -935, -935, -935, -935, -935, -935, -935, -935, -935, -935, -935, -935, -935, -935, -935, -935, -935, -935, -935, -935, -935, -935, -935, -935, -935, -935, -935, -935, -935, -935, -935, -935, -935, -935, -935, -935, -935, -935, -935, -935, -935, -935, -935, -935, -935, -935, -935, -935, -935, -935, -935, -935, -935, -935, -935, -935, -935, -935, -935, -935, -935, -935, -935, -935, -935, -935, -935, -935, -935, -935, -935, -935, -935, -935, -935, -935, -935, -935, -935, -935, -935, -935, -935, -935, -935, -935, -935, -935, -935, -935, -935, -935, -935, -935, -935, -935, -935, -935, -935, -935, -935, -935, -935, -935, -935, -935, -935, -935, -935, -935, -935, -935, -935, -935, -935, -935, -935, -935, -935, -935, -935, -935, -935, -935, -935, -935, -935, -935, -935, -935, -935, -935, -935, -935, -935, -935, -935, -935, -935, -935, -935, -935, -935, -935, -935, -935, -935, -935, -935, -935, -935, -935, -935, -935, -935, -935, -935, -935, -935, -935, -935, -935, -935, -935, -935, -935, -935, -935, -935, -935, -935, -935, -935, -935, -935, -935, -935, -935, -935, -935, -935, -935, -935, -935, -935, -935, -935, -935, -935, -935, -935, -935, -935, -935, -935, -935, -935, -935, -935, -935, -935, -935, -935, -935, -935, -935, -935, -935, -935, -935, -935, -935, -935, -935, -935, -935, -935, -935, -935, -935, -935, -935, -935, -935, -935, -935, -935, -935, -935, -935, -935, -935, -935, -935, -935, -935, -935, -935, -935, -935, -935, -935, -935, -935, -935, -935, -935, -935, -935, -935, -935, -935, -935, -935, -935, -935, -935, -935, -935, -935, -935, -935, -935, -935, -935, -935, -935, -935, -935, -935, -935, -935, -935, -935, -935, -935, -935, -935, -935, -935, -935, -935, -935, -935, -935, -935, -935, -935, -935, -935, -935, -935, -935, -935, -935, -935, -935, -935, -935, -935, -935, -935, -935, -935, -935, -935, -935, -935, -935, -935, -935, -935, -935, -935, -935, -935, -935, -935, -935, -935, -935, -935, -935, -935, -935, -935, -935, -935, -935, -935, -935, -935, -935, -935, -935, -935, -935, -935, -935, -935, -935, -935, -935, -935, -935, -935, -935, -935, -935, -935, -935, -935, -935, -935, -935, -935, -935, -935, -935, -935, -935, -935, -935, -935, -935, -935, -935, -935, -935, -935, -935, -935, -935, -935, -935, -935, -935, -935, -935, -935, -935, -935, -935, -935, -935, -935, -935, -935, -935, -935, -935, -935, -935, -935, -935, -935, -935, -935, -935, -935, -935, -935, -935, -935, -935, -935, -935, -935, -935, -935, -935, -935, -935, -935, -935, -935, -935, -935, -935, -935, -935, -935, -935, -935, -935, -935, -935, -935, -935, -935, -935, -935, -935, -935, -935, -935, -935, -935, -935, -935, -935, -935, -935, -935, -935, -935, -935, -935, -935, -935, -935, -935, -935, -935, -935, -935, -935, -935, -935, -935, -935, -935, -935, -935, -935, -935, -935, -935, -935, -935, -935, -935, -935, -935, -935, -935, -935, -935, -935, -935, -935, -935, -935, -935, -935, -935, -935, -935, -935, -935, -935, -935, -935, -935, -935, -935, -935, -935, -935, -935, -935, -935, -935, -935, -935, -935, -935, -935, -935, -935, -935, -935, -935, -935, -935, -935, -935, -935, -935, -935, -935, -935, -935, -935, -935, -935, -935, -935, -935, -935, -935, -935, -935, -935, -935, -935, -935, -935, -935, -935, -935, -935, -935, -935, -935, -935, -935, -935, -935, -935, -935, -935, -935, -935, -935, -935, -935, -935, -935, -935, -935, -935, -935, -935, -935, -935, -935, -935, -935, -935, -935, -935, -935, -935, -935, -935, -935, -935, -935, -935, -935, -935, -935, -935, -935, -935, -935, -935, -935, -935, -935, -935, -935, -935, -935, -935, -935, -935, -935, -935, -935, -935, -935, -935, -935, -935, -935, -935, -935, -935, -935, -935, -935, -935, -935, -935, -935, -935, -935, -935, -935, -935, -935, -935, -935, -935, -935, -935, -935, -935, -935, -935, -935, -935, -935, -935, -935, -935, -935, -935, -935, -935, -935, -935, -935, -935, -935, -935, -935, -935, -935, -935, -935, -935, -935, -935, -935, -935, -935, -935, -935, -935, -935, -935, -935, -935, -935, -935, -935, -935, -935, -935, -935, -935, -935, -935, -935, -935, -935, -935, -935, -935, -935, -935, -935, -935, -935, -935, -935, -935, -935, -935, -935, -935, -935, -935, -935, -935, -935, -935, -935, -935, -935, -935, -935, -935, -935, -935, -935, -935, -935, -935, -935, -935, -935, -935, -935, -935, -935, -935, -935, -935, -935, -935, -935, -935, -935, -935, -935, -935, -935, -935, -935, -935, -935, -935, -935, -935, -935, -935, -935, -935, -935, -935, -935, -935, -935, -935, -935, -935, -935, -935, -935, -935, -935, -935, -935, -935, -935, -935, -935, -935, -935, -935, -935, -935, -935, -935, -935, -935, -935, -935, -935, -935, -935, -935, -935, -935, -935, -935, -935, -935, -935, -935, -935, -935, -935, -935, -935, -935, -935, -935, -935, -935, -935, -935, -935, -935, -935, -935, -935, -935, -935, -935, -935, -935, -935, -935, -935, -935, -935, -935, -935, -935, -935, -935, -935, -935, -935, -935, -935, -935, -935, -935, -935, -935, -935, -935, -935, -935, -935, -935, -935, -935, -935, -935, -935, -935, -935, -935, -935, -935, -935, -935, -935, -935, -935, -935, -935, -935, -935, -935, -935, -935, -935, -935, -935, -935, -935, -935, -935, -935, -935, -935, -935, -935, -935, -935, -935, -935, -935, -935, -935, -935, -935, -935, -935, -935, -935, -935, -935, -935, -935, -935, -935, -935, -935, -935, -935, -935, -935, -935, -935, -935, -935, -935, -935, -935, -935, -935, -935, -935, -935, -935, -935, -935, -935, -935, -935, -935, -935, -935, -935, -935, -935, -935, -935, -935, -935, -935, -935, -935, -935, -935, -935, -935, -935, -935, -935, -935, -935, -935, -935, -935, -935, -935, -935, -935, -935, -935, -935, -935, -935, -935, -935, -935, -935, -935, -935, -935, -935, -935, -935, -935, -935, -935, -935, -935, -935, -935, -935, -935, -935, -935, -935, -935, -935, -935, -935, -935, -935, -935, -935, -935, -935, -935, -935, -935, -935, -935, -935, -935, -935, -935, -935, -935, -935, -935, -935, -935, -935, -935, -935, -935, -935, -935, -935, -935, -935, -935, -935, -935, -935, -935, -935, -935, -935, -935, -935, -935, -935, -935, -935, -935, -935, -935, -935, -935, -935, -935, -935, -935, -935, -935, -935, -935, -935, -935, -935, -935, -935, -935, -935, -935, -935, -935, -935, -935, -935, -935, -935, -935, -935, -935, -935, -935, -935, -935, -935, -935, -935, -935, -935, -935, -935, -935, -935, -935, -935, -935, -935, -935, -935, -935, -935, -935, -935, -935, -935, -935, -935, -935, -935, -935, -935, -935, -935, -935, -935, -935, -935, -935, -935, -935, -935, -935, -935, -935, -935, -935, -935, -935, -935, -935, -935, -935, -935, -935, -935, -935, -935, -935, -935, -935, -935, -935, -935, -935, -935, -935, -935, -935, -935, -935, -935, -935, -935, -935, -935, -935, -935, -935, -935, -935, -935, -935, -935, -935, -935, -935, -935, -935, -935, -935, -935, -935, -935, -935, -935, -935, -935, -935, -935, -935, -935, -935, -935, -935, -935, -935, -935, -935, -935, -935, -935, -935, -935, -935, -935, -935, -935, -935, -935, -935, -935, -935, -935, -935, -935, -935, -935, -935, -935, -935, -935, -935, -935, -935, -935, -935, -935, -935, -935, -935, -935, -935, -935, -935, -935, -935, -935, -935, -935, -935, -935, -935, -935, -935, -935, -935, -935, -935, -935, -935, -935, -935, -935, -935, -935, -935, -935, -935, -935, -935, -935, -935, -935, -935, -935, -935, -935, -935, -935, -935, -935, -935, -935, -935, -935, -935, -935, -935, -935, -935, -935, -935, -935, -935, -935, -935, -935, -935, -935, -935, -935, -935, -935, -935, -935, -935, -935, -935, -935, -935, -935, -935, -935, -935, -935, -935, -935, -935, -935, -935, -935, -935, -935, -935, -935, -935, -935, -935, -935, -935, -935, -935, -935, -935, -935, -935, -935, -935, -935, -935, -935, -935, -935, -935, -935, -935, -935, -935, -935, -935, -935, -935, -935, -935, -935, -935, -935, -935, -935, -935, -935, -935, -935, -935, -935, -935, -935, -935, -935, -935, -935, -935, -935, -935, -935, -935, -935, -935, -935, -935, -935, -935, -935, -935, -935, -935, -935, -935, -935, -935, -935, -935, -935, -935, -935, -935, -935, -935, -935, -935, -935, -935, -935, -935, -935, -935, -935, -935, -935, -935, -935, -935, -935, -935, -935, -935, -935, -935, -935, -935, -935, -935, -935, -935, -935, -935, -935, -935, -935, -935, -935, -935, -935, -935, -935, -935, -935, -935, -935, -935, -935, -935, -935, -935, -935, -935, -935, -935, -935, -935, -935, -935, -935, -935, -935, -935, -935, -935, -935, -935, -935, -935, -935, -935, -935, -935, -935, -935, -935, -935, -935, -935, -935, -935, -935, -935, -935, -935, -935, -935, -935, -935, -935, -935, -935, -935, -935, -935, -935, -935, -935, -935, -935, -935, -935, -935, -935, -935, -935, -935, -935, -935, -935, -935, -935, -935, -935, -935, -935, -935, -935, -935, -935, -935, -935, -935, -935, -935, -935, -935, -935, -935, -935, -935, -935, -935, -935, -935, -935, -935, -935, -935, -935, -935, -935, -935, -935, -935, -935, -935, -935, -935, -935, -935, -935, -935, -935, -935, -935, -935, -935, -935, -935, -935, -935, -935, -935, -935, -935, -935, -935, -935, -935, -935, -935, -935, -935, -935, -935, -935, -935, -935, -935, -935, -935, -935, -935, -935, -935, -935, -935, -935, -935, -935, -935, -935, -935, -935, -935, -935, -935, -935, -935, -935, -935, -935, -935, -935, -935, -935, -935, -935, -935, -935, -935, -935, -935, -935, -935, -935, -935, -935, -935, -935, -935, -935, -935, -935, -935, -935, -935, -935, -935, -935, -935, -935, -935, -935, -935, -935, -935, -935, -935, -935, -935, -935, -935, -935, -935, -935, -935, -935, -935, -935, -935, -935, -935, -935, -935, -935, -935, -935, -935, -935, -935, -935, -935, -935, -935, -935, -935, -935, -935, -935, -935, -935, -935, -935, -935, -935, -935, -935, -935, -935, -935, -935, -935, -935, -935, -935, -935, -935, -935, -935, -935, -935, -935, -935, -935, -935, -935, -935, -935, -935, -935, -935, -935, -935, -935, -935, -935, -935, -935, -935, -935, -935, -935, -935, -935, -935, -935, -935, -935, -935, -935, -935, -935, -935, -935, -935, -935, -935, -935, -935, -935, -935, -935, -935, -935, -935, -935, -935, -935, -935, -935, -935, -935, -935, -935, -935, -935, -935, -935, -935, -935, -935, -935, -935, -935, -935, -935, -935, -935, -935, -935, -935, -935, -935, -935, -935, -935, -935, -935, -935, -935, -935, -935, -935, -935, -935, -935, -935, -935, -935, -935, -935, -935, -935, -935, -935, -935, -935, -935, -935, -935, -935, -935, -935, -935, -935, -935, -935, -935, -935, -935, -935, -935, -935, -935, -935, -935, -935, -935, -935, -935, -935, -935, -935, -935, -935, -935, -935, -935, -935, -935, -935, -935, -935, -935, -935, -935, -935, -935, -935, -935, -935, -935, -935, -935, -935, -935, -935, -935, -935, -935, -935, -935, -935, -935, -935, -935, -935, -935, -935, -935, -935, -935, -935, -935, -935, -935, -935, -935, -935, -935, -935, -935, -935, -935, -935, -935, -935, -935, -935, -935, -935, -935, -935, -935, -935, -935, -935, -935, -935, -935, -935, -935, -935, -935, -935, -935, -935, -935, -935, -935, -935, -935, -935, -935, -935, -935, -935, -935, -935, -935, -935, -935, -935, -935, -935, -935, -935, -935, -935, -935, -935, -935, -935, -935, -935, -935, -935, -935, -935, -935, -935, -935, -935, -935, -935, -935, -935, -935, -935, -935, -935, -935, -935, -935, -935, -935, -935, -935, -935, -935, -935, -935, -935, -935, -935, -935, -935, -935, -935, -935, -935, -935, -935, -935, -935, -935, -935, -935, -935, -935, -935, -935, -935, -935, -935, -935, -935, -935, -935, -935, -935, -935, -935, -935, -935, -935, -935, -935, -935, -935, -935, -935, -935, -935, -935, -935, -935, -935, -935, -935, -935, -935, -935, -935, -935, -935]
