Selecci칩n Ruleta
Cruzamiento Uniforme 0.2
Mutaci칩n Gaussiana 0.2 0.5

Resultado obtenido en 13136 iteraciones.
Aptitud: -935
Mejor genotipo: [[[50],[0],[0],[0],[0]],[[100],[100],[0],[100],[100]],[[0],[60],[60],[60],[60]],[[0],[0],[100],[0],[0]],[[50],[50],[50],[50],[50]]]

Resultado obtenido en 13131 iteraciones.
Aptitud: -935
Mejor genotipo: [[[50],[0],[0],[0],[0]],[[100],[100],[0],[100],[100]],[[60],[60],[0],[60],[60]],[[0],[0],[100],[0],[0]],[[50],[50],[50],[50],[50]]]

Resultado obtenido en 12237 iteraciones.
Aptitud: -935
Mejor genotipo: [[[50],[0],[0],[0],[0]],[[100],[100],[0],[100],[100]],[[60],[60],[60],[0],[60]],[[100],[0],[0],[0],[0]],[[50],[50],[50],[50],[50]]]

Resultado obtenido en 11622 iteraciones.
Aptitud: -935
Mejor genotipo: [[[50],[0],[0],[0],[0]],[[100],[100],[0],[100],[100]],[[60],[0],[60],[60],[60]],[[0],[0],[100],[0],[0]],[[50],[50],[50],[50],[50]]]

Resultado obtenido en 12939 iteraciones.
Aptitud: -935
Mejor genotipo: [[[50],[0],[0],[0],[0]],[[100],[100],[0],[100],[100]],[[50],[60],[20],[60],[60]],[[0],[0],[100],[0],[0]],[[50],[50],[50],[50],[50]]]

Resultado obtenido en 13902 iteraciones.
Aptitud: -935
Mejor genotipo: [[[50],[0],[0],[0],[0]],[[100],[100],[0],[100],[100]],[[0],[60],[60],[60],[60]],[[0],[0],[100],[0],[0]],[[50],[50],[50],[50],[50]]]

Resultado obtenido en 12760 iteraciones.
Aptitud: -935
Mejor genotipo: [[[50],[0],[0],[0],[0]],[[100],[100],[0],[100],[100]],[[60],[60],[60],[0],[60]],[[0],[0],[0],[0],[100]],[[50],[50],[50],[50],[50]]]

Resultado obtenido en 14268 iteraciones.
Aptitud: -935
Mejor genotipo: [[[50],[0],[0],[0],[0]],[[100],[100],[0],[100],[100]],[[60],[0],[60],[60],[60]],[[0],[0],[100],[0],[0]],[[50],[50],[50],[50],[50]]]

Resultado obtenido en 13609 iteraciones.
Aptitud: -935
Mejor genotipo: [[[50],[0],[0],[0],[0]],[[100],[100],[0],[100],[100]],[[0],[60],[60],[60],[60]],[[100],[0],[0],[0],[0]],[[50],[50],[50],[50],[50]]]

Resultado obtenido en 11802 iteraciones.
Aptitud: -935
Mejor genotipo: [[[50],[0],[0],[0],[0]],[[100],[100],[0],[100],[100]],[[60],[0],[60],[60],[60]],[[0],[0],[100],[0],[0]],[[50],[50],[50],[50],[50]]]

La cantidad promedio de iteraciones fueron 12940.6 y la m치xima fue de 14268
Hubieron 10 resultado(s) con el valor de aptitud -935, que fue el mas alto.
La menor cantidad de iteraciones para llegar al mejor resultado fue de 11622. El genotipo fue:
[[[50],[0],[0],[0],[0]],[[100],[100],[0],[100],[100]],[[60],[0],[60],[60],[60]],[[0],[0],[100],[0],[0]],[[50],[50],[50],[50],[50]]]

Los datos de aptitud por iteraci칩n son:
[-505691, -504828, -404680, -304874, -304332, -303888, -303532, -204723, -203022, -202969, -202969, -202969, -203022, -202740, -102671, -102671, -102671, -102671, -102381, -102671, -102582, -102572, -102572, -102671, -102671, -102582, -102285, -102285, -102285, -102142, -102131, -102047, -2444, -2444, -2444, -2444, -2444, -2444, -2444, -2330, -2330, -2330, -2330, -2325, -2226, -2226, -2330, -2082, -2082, -2082, -2082, -1909, -2082, -1978, -2082, -1924, -1924, -1716, -1924, -1756, -1637, -1637, -1637, -1637, -1637, -1637, -1637, -1637, -1528, -1528, -1528, -1528, -1528, -1528, -1528, -1528, -1528, -1528, -1528, -1528, -1528, -1528, -1528, -1528, -1528, -1528, -1528, -1528, -1528, -1528, -1419, -1419, -1419, -1419, -1419, -1419, -1419, -1409, -1419, -1414, -1399, -1419, -1419, -1419, -1419, -1419, -1419, -1419, -1419, -1419, -1419, -1419, -1419, -1419, -1419, -1419, -1419, -1419, -1419, -1419, -1419, -1419, -1419, -1419, -1419, -1325, -1419, -1419, -1419, -1419, -1419, -1419, -1414, -1414, -1414, -1414, -1414, -1414, -1414, -1414, -1414, -1414, -1414, -1414, -1414, -1399, -1414, -1414, -1414, -1414, -1414, -1414, -1414, -1330, -1330, -1330, -1330, -1330, -1330, -1371, -1399, -1401, -1401, -1401, -1401, -1401, -1401, -1401, -1399, -1399, -1401, -1401, -1401, -1401, -1401, -1401, -1401, -1401, -1401, -1401, -1401, -1401, -1401, -1401, -1401, -1401, -1401, -1401, -1401, -1401, -1401, -1401, -1345, -1345, -1401, -1401, -1401, -1401, -1401, -1401, -1386, -1325, -1325, -1325, -1325, -1325, -1325, -1325, -1325, -1325, -1310, -1310, -1310, -1310, -1310, -1295, -1310, -1305, -1310, -1310, -1305, -1305, -1305, -1305, -1310, -1310, -1310, -1310, -1310, -1310, -1310, -1310, -1310, -1310, -1310, -1310, -1310, -1310, -1295, -1310, -1310, -1310, -1310, -1310, -1310, -1310, -1310, -1300, -1265, -1265, -1265, -1265, -1265, -1295, -1270, -1270, -1265, -1265, -1265, -1265, -1265, -1265, -1265, -1265, -1265, -1255, -1255, -1255, -1255, -1255, -1255, -1255, -1255, -1255, -1255, -1255, -1255, -1255, -1255, -1255, -1255, -1255, -1255, -1255, -1255, -1255, -1255, -1255, -1255, -1255, -1255, -1255, -1250, -1250, -1250, -1250, -1250, -1250, -1250, -1250, -1250, -1250, -1250, -1250, -1250, -1250, -1250, -1225, -1225, -1225, -1225, -1215, -1215, -1225, -1225, -1225, -1225, -1225, -1225, -1225, -1225, -1225, -1225, -1225, -1225, -1225, -1225, -1225, -1225, -1225, -1225, -1215, -1215, -1215, -1225, -1225, -1225, -1225, -1225, -1225, -1225, -1225, -1225, -1225, -1225, -1225, -1225, -1225, -1215, -1215, -1225, -1225, -1225, -1225, -1225, -1225, -1225, -1225, -1225, -1225, -1225, -1225, -1225, -1225, -1225, -1225, -1225, -1225, -1225, -1225, -1225, -1225, -1225, -1225, -1225, -1195, -1195, -1225, -1225, -1225, -1225, -1225, -1215, -1215, -1215, -1215, -1215, -1215, -1215, -1215, -1215, -1215, -1215, -1215, -1215, -1215, -1215, -1215, -1215, -1215, -1155, -1155, -1155, -1155, -1155, -1155, -1155, -1155, -1155, -1155, -1155, -1215, -1215, -1215, -1215, -1215, -1215, -1210, -1215, -1215, -1215, -1215, -1215, -1215, -1185, -1185, -1175, -1175, -1175, -1175, -1175, -1175, -1175, -1175, -1175, -1175, -1175, -1175, -1175, -1383, -1383, -1383, -1418, -1418, -1418, -1418, -1175, -1175, -1175, -1175, -1175, -1175, -1175, -1175, -1175, -1175, -1175, -1175, -1175, -1175, -1175, -1393, -1393, -1477, -1477, -1477, -1477, -1477, -1477, -1477, -1477, -1477, -1477, -1477, -1408, -1408, -1477, -1477, -1477, -1477, -1477, -1472, -1477, -1477, -1457, -1457, -1373, -1373, -1373, -1373, -1343, -1165, -1165, -1165, -1165, -1165, -1165, -1165, -1145, -1145, -1145, -1145, -1145, -1145, -1145, -1145, -1145, -1105, -1105, -1105, -1105, -1105, -1105, -1105, -1105, -1105, -1105, -1105, -1105, -1105, -1105, -1165, -1165, -1165, -1165, -1165, -1165, -1165, -1165, -1165, -1165, -1165, -1165, -1165, -1165, -1165, -1160, -1165, -1165, -1165, -1165, -1165, -1165, -1165, -1165, -1165, -1165, -1165, -1165, -1165, -1165, -1165, -1165, -1165, -1160, -1160, -1160, -1160, -1160, -1160, -1160, -1160, -1160, -1160, -1160, -1160, -1160, -1160, -1160, -1160, -1160, -1160, -1160, -1160, -1160, -1160, -1160, -1160, -1160, -1160, -1160, -1160, -1160, -1160, -1160, -1160, -1160, -1160, -1160, -1160, -1160, -1160, -1160, -1160, -1160, -1160, -1160, -1160, -1160, -1160, -1160, -1160, -1160, -1160, -1160, -1160, -1150, -1140, -1160, -1160, -1160, -1160, -1160, -1160, -1160, -1160, -1160, -1160, -1160, -1160, -1160, -1269, -1269, -1269, -1269, -1269, -1269, -1269, -1269, -1259, -1269, -1269, -1269, -1269, -1269, -1269, -1269, -1269, -1269, -1269, -1269, -1269, -1269, -1160, -1269, -1269, -1269, -1269, -1269, -1269, -1269, -1571, -1571, -1571, -1571, -1571, -1571, -1566, -1571, -1571, -1571, -1442, -1442, -1442, -1442, -1442, -1442, -1442, -1442, -1442, -1442, -1442, -1348, -1348, -1442, -1442, -1442, -1442, -1373, -1373, -1373, -1373, -1358, -1373, -1373, -1373, -1373, -1373, -1373, -1442, -1442, -1442, -1442, -1442, -1442, -1348, -1442, -1442, -1442, -1442, -1442, -1442, -1338, -1338, -1442, -1442, -1442, -1442, -1442, -1442, -1442, -1442, -1442, -1442, -1442, -1442, -1264, -1264, -1264, -1264, -1264, -1264, -1264, -1264, -1264, -1264, -1264, -1264, -1264, -1264, -1264, -1264, -1264, -1264, -1264, -1264, -1264, -1264, -1487, -1541, -1541, -1541, -1566, -1566, -1378, -1378, -1378, -1378, -1378, -1378, -1378, -1541, -1550, -1550, -1550, -1550, -1550, -1550, -1541, -1541, -1432, -1432, -1432, -1535, -1535, -1535, -1535, -1535, -1535, -1535, -1457, -1457, -1457, -1457, -1457, -1457, -1457, -1457, -1457, -1457, -1457, -1412, -1412, -1353, -1457, -1457, -1457, -1457, -1457, -1353, -1353, -1353, -1353, -1353, -1353, -1328, -1353, -1353, -1353, -1239, -1353, -1353, -1353, -1353, -1353, -1353, -1353, -1353, -1353, -1353, -1353, -1353, -1353, -1284, -1353, -1328, -1353, -1353, -1353, -1348, -1348, -1353, -1353, -1353, -1353, -1353, -1353, -1353, -1353, -1353, -1353, -1353, -1338, -1338, -1338, -1338, -1338, -1338, -1338, -1338, -1338, -1338, -1338, -1338, -1338, -1338, -1338, -1338, -1338, -1338, -1338, -1328, -1318, -1338, -1328, -1328, -1328, -1328, -1328, -1259, -1328, -1338, -1338, -1244, -1338, -1338, -1338, -1338, -1338, -1338, -1338, -1393, -1393, -1393, -1393, -1309, -1299, -1299, -1276, -1276, -1276, -1276, -1276, -1276, -1276, -1276, -1271, -1271, -1271, -1271, -1271, -1271, -1271, -1271, -1271, -1271, -1271, -1271, -1205, -1205, -1205, -1205, -1205, -1205, -1205, -1205, -1195, -1195, -1195, -1170, -1155, -1155, -1155, -1155, -1155, -1155, -1155, -1155, -1155, -1155, -1155, -1155, -1155, -1155, -1155, -1155, -1155, -1155, -1155, -1155, -1155, -1155, -1155, -1155, -1155, -1155, -1155, -1205, -1205, -1185, -1185, -1185, -1185, -1185, -1185, -1185, -1185, -1185, -1185, -1185, -1185, -1185, -1185, -1185, -1170, -1170, -1170, -1170, -1170, -1170, -1170, -1170, -1170, -1170, -1170, -1170, -1170, -1170, -1170, -1170, -1170, -1170, -1170, -1170, -1170, -1170, -1170, -1170, -1165, -1170, -1170, -1170, -1170, -1170, -1170, -1170, -1170, -1165, -1165, -1165, -1165, -1170, -1165, -1165, -1165, -1155, -1155, -1125, -1125, -1125, -1125, -1125, -1125, -1085, -1125, -1125, -1125, -1125, -1125, -1125, -1125, -1125, -1105, -1105, -1095, -1095, -1095, -1080, -1080, -1080, -1080, -1080, -1080, -1080, -1080, -1080, -1080, -1080, -1080, -1080, -1080, -1080, -1080, -1080, -1095, -1095, -1095, -1095, -1095, -1095, -1095, -1095, -1095, -1095, -1095, -1080, -1080, -1095, -1095, -1095, -1095, -1095, -1095, -1095, -1095, -1095, -1095, -1095, -1090, -1090, -1095, -1095, -1095, -1090, -1090, -1095, -1095, -1095, -1095, -1095, -1095, -1095, -1080, -1080, -1080, -1095, -1095, -1095, -1095, -1095, -1095, -1095, -1095, -1095, -1095, -1095, -1095, -1095, -1095, -1095, -1095, -1095, -1095, -1080, -1080, -1080, -1080, -1080, -1080, -1080, -1080, -1080, -1080, -1080, -1080, -1080, -1070, -1080, -1075, -1075, -1075, -1075, -1075, -1075, -1075, -1075, -1075, -1075, -1075, -1075, -1075, -1075, -1075, -1075, -1075, -1065, -1065, -1065, -1065, -1065, -1065, -1065, -1065, -1065, -1065, -1065, -1065, -1065, -1065, -1065, -1065, -1065, -1065, -1065, -1065, -1065, -1065, -1065, -1065, -1065, -1065, -1065, -1065, -1065, -1065, -1065, -1065, -1065, -1065, -1065, -1065, -1065, -1065, -1065, -1065, -1065, -1065, -1065, -1065, -1065, -1065, -1065, -1065, -1065, -1065, -1065, -1065, -1065, -1065, -1065, -1065, -1065, -1065, -1065, -1065, -1060, -1060, -1065, -1065, -1065, -1060, -1060, -1060, -1060, -1060, -1060, -1060, -1065, -1065, -1060, -1060, -1065, -1065, -1065, -1065, -1065, -1060, -1050, -1035, -1035, -1020, -1035, -1035, -1035, -1035, -1055, -1055, -1055, -1040, -1040, -1040, -1040, -1040, -1010, -1010, -1010, -1010, -1010, -1010, -1010, -1010, -1010, -1040, -1040, -1040, -1040, -1040, -1040, -1040, -1040, -1040, -1040, -1040, -1040, -1040, -1040, -1040, -1040, -1040, -1040, -995, -1040, -1040, -1020, -1020, -1020, -1020, -1025, -1025, -1025, -1025, -1025, -1025, -1025, -1025, -1025, -1025, -1025, -1025, -1025, -1025, -1025, -1020, -1020, -1020, -1020, -1020, -1020, -1020, -1020, -1020, -1020, -1020, -1020, -1020, -1020, -1020, -1015, -1015, -1020, -1020, -1020, -1020, -1020, -1020, -1020, -1020, -1020, -1020, -1020, -1020, -1020, -1020, -1020, -1020, -1020, -1020, -1020, -1020, -1020, -1020, -1020, -1020, -1020, -1020, -1020, -1020, -1020, -1020, -995, -995, -995, -995, -995, -995, -995, -995, -995, -995, -995, -995, -995, -995, -995, -995, -995, -995, -995, -995, -995, -995, -995, -995, -995, -995, -995, -995, -995, -995, -990, -990, -990, -990, -990, -990, -995, -995, -995, -995, -995, -995, -995, -995, -995, -995, -995, -995, -995, -995, -995, -995, -995, -995, -995, -995, -995, -995, -995, -995, -995, -995, -995, -995, -995, -995, -995, -995, -995, -995, -995, -995, -995, -995, -995, -990, -995, -995, -995, -995, -995, -995, -995, -995, -995, -995, -995, -995, -990, -990, -990, -990, -990, -990, -990, -990, -990, -990, -990, -975, -990, -990, -990, -990, -990, -990, -990, -990, -990, -990, -990, -990, -990, -990, -990, -990, -990, -990, -990, -990, -990, -990, -990, -990, -975, -975, -975, -975, -975, -975, -975, -975, -975, -975, -975, -975, -975, -975, -975, -975, -975, -975, -975, -975, -975, -975, -975, -975, -975, -975, -975, -975, -975, -975, -975, -975, -975, -975, -975, -975, -975, -975, -975, -975, -975, -975, -975, -975, -975, -975, -975, -975, -975, -975, -975, -975, -975, -975, -975, -975, -975, -975, -975, -975, -975, -975, -975, -975, -975, -975, -975, -975, -975, -975, -975, -975, -975, -975, -975, -975, -975, -975, -975, -975, -975, -975, -975, -975, -975, -975, -975, -975, -975, -975, -975, -975, -975, -975, -975, -975, -975, -975, -975, -975, -975, -975, -975, -975, -975, -975, -955, -955, -955, -955, -955, -955, -955, -955, -955, -955, -955, -955, -955, -955, -955, -955, -955, -955, -955, -955, -955, -955, -955, -955, -955, -955, -955, -955, -955, -955, -955, -955, -955, -955, -955, -955, -955, -955, -955, -955, -955, -955, -955, -955, -955, -955, -955, -955, -955, -955, -955, -955, -955, -955, -955, -955, -955, -955, -955, -955, -955, -955, -955, -955, -955, -955, -955, -955, -955, -955, -955, -955, -955, -935, -955, -955, -955, -955, -955, -955, -955, -955, -955, -955, -955, -955, -955, -955, -955, -955, -955, -955, -955, -955, -955, -955, -955, -955, -955, -955, -955, -955, -955, -955, -955, -955, -955, -955, -955, -955, -955, -955, -955, -955, -955, -955, -955, -955, -955, -955, -955, -955, -955, -955, -955, -955, -955, -955, -955, -955, -955, -955, -955, -955, -955, -955, -955, -955, -955, -975, -955, -975, -975, -975, -975, -975, -975, -955, -955, -955, -955, -955, -955, -955, -955, -955, -955, -955, -955, -955, -955, -955, -955, -955, -955, -955, -955, -945, -945, -945, -945, -945, -955, -955, -955, -955, -955, -955, -955, -955, -955, -955, -955, -955, -955, -955, -955, -955, -955, -1064, -955, -1064, -1064, -1064, -1064, -965, -1059, -1059, -955, -955, -955, -955, -955, -955, -955, -955, -955, -955, -955, -955, -955, -955, -955, -955, -955, -955, -955, -955, -955, -955, -955, -955, -955, -955, -955, -955, -955, -955, -955, -955, -955, -955, -955, -955, -955, -955, -955, -955, -955, -955, -955, -955, -955, -955, -955, -955, -955, -955, -955, -955, -955, -955, -955, -955, -955, -955, -955, -955, -955, -955, -955, -955, -960, -960, -960, -965, -965, -965, -965, -955, -955, -955, -955, -955, -955, -955, -955, -955, -955, -955, -955, -955, -955, -955, -955, -955, -955, -955, -955, -955, -955, -955, -955, -955, -960, -960, -960, -960, -960, -960, -960, -960, -960, -960, -960, -960, -960, -960, -960, -960, -960, -960, -960, -960, -965, -965, -965, -965, -965, -965, -945, -945, -945, -945, -965, -965, -965, -965, -965, -965, -965, -965, -965, -960, -975, -975, -975, -975, -975, -975, -975, -975, -960, -960, -960, -960, -960, -960, -960, -965, -965, -965, -965, -965, -965, -965, -975, -975, -975, -975, -975, -975, -975, -975, -970, -970, -970, -970, -970, -970, -975, -975, -975, -975, -975, -975, -975, -975, -975, -960, -960, -960, -960, -960, -960, -960, -960, -960, -960, -960, -960, -960, -960, -960, -955, -955, -955, -955, -955, -955, -955, -955, -955, -955, -955, -955, -955, -955, -955, -955, -955, -955, -955, -955, -955, -955, -955, -955, -955, -955, -955, -955, -955, -955, -955, -955, -955, -955, -955, -955, -955, -955, -955, -955, -935, -935, -935, -935, -955, -955, -955, -955, -955, -955, -955, -955, -955, -955, -955, -955, -955, -955, -955, -955, -955, -955, -955, -955, -955, -955, -955, -955, -955, -955, -955, -955, -955, -955, -955, -955, -955, -955, -955, -955, -955, -955, -955, -955, -955, -955, -955, -955, -955, -955, -955, -955, -955, -955, -955, -955, -955, -955, -955, -955, -955, -955, -955, -950, -955, -955, -955, -955, -955, -955, -955, -955, -955, -935, -935, -945, -945, -945, -945, -945, -945, -935, -935, -935, -935, -935, -935, -935, -935, -935, -935, -935, -935, -935, -935, -935, -935, -935, -935, -935, -935, -935, -935, -935, -935, -935, -935, -935, -935, -935, -935, -935, -935, -935, -935, -935, -935, -935, -935, -935, -935, -935, -935, -935, -935, -935, -935, -935, -935, -935, -935, -935, -935, -935, -935, -935, -935, -935, -935, -935, -935, -935, -935, -935, -935, -935, -935, -935, -935, -935, -935, -935, -935, -935, -935, -935, -935, -935, -935, -935, -935, -935, -935, -935, -935, -935, -935, -935, -935, -935, -935, -935, -935, -935, -935, -935, -935, -935, -935, -935, -935, -935, -935, -935, -935, -935, -935, -935, -935, -935, -935, -935, -935, -935, -935, -935, -935, -935, -935, -935, -935, -935, -935, -955, -945, -945, -945, -945, -970, -970, -970, -970, -970, -970, -970, -970, -970, -970, -935, -935, -935, -935, -935, -935, -935, -935, -935, -935, -935, -935, -935, -935, -935, -935, -935, -935, -935, -935, -935, -935, -935, -935, -935, -935, -935, -935, -935, -935, -935, -935, -935, -935, -935, -935, -935, -935, -935, -935, -935, -935, -935, -935, -935, -935, -935, -935, -935, -935, -935, -935, -935, -935, -935, -935, -935, -935, -935, -935, -935, -935, -935, -935, -935, -935, -935, -935, -935, -935, -935, -935, -935, -935, -935, -935, -935, -935, -935, -935, -935, -935, -935, -935, -935, -935, -935, -935, -935, -935, -935, -935, -935, -935, -935, -935, -935, -935, -935, -935, -935, -935, -935, -935, -935, -935, -935, -935, -935, -935, -935, -935, -935, -935, -935, -935, -935, -935, -935, -935, -935, -935, -935, -935, -935, -935, -935, -935, -935, -935, -935, -935, -935, -935, -935, -935, -935, -935, -935, -935, -935, -935, -935, -935, -935, -935, -935, -935, -935, -935, -935, -935, -935, -935, -935, -935, -935, -935, -935, -935, -935, -935, -935, -935, -935, -935, -935, -935, -935, -935, -935, -935, -935, -935, -935, -935, -935, -935, -935, -935, -935, -935, -935, -935, -935, -935, -935, -935, -935, -935, -935, -935, -935, -935, -935, -935, -935, -935, -935, -935, -935, -935, -935, -935, -935, -935, -935, -935, -935, -935, -935, -935, -935, -935, -935, -935, -935, -935, -935, -935, -935, -935, -935, -935, -935, -935, -935, -935, -935, -935, -935, -935, -935, -935, -935, -935, -935, -935, -935, -935, -935, -935, -935, -935, -935, -935, -935, -935, -935, -935, -935, -935, -935, -935, -935, -935, -935, -935, -935, -935, -935, -935, -935, -935, -935, -935, -935, -935, -935, -935, -935, -935, -935, -935, -935, -935, -935, -935, -935, -935, -935, -935, -935, -935, -935, -935, -935, -935, -935, -935, -935, -935, -935, -935, -935, -935, -935, -935, -935, -935, -935, -935, -935, -935, -935, -935, -935, -935, -935, -935, -935, -935, -935, -935, -935, -935, -935, -935, -935, -935, -935, -935, -935, -935, -935, -935, -935, -935, -935, -935, -935, -935, -935, -935, -935, -935, -935, -935, -935, -935, -935, -935, -935, -935, -935, -935, -935, -935, -935, -935, -935, -935, -935, -935, -935, -935, -935, -935, -935, -935, -935, -935, -935, -935, -935, -935, -935, -935, -935, -935, -935, -935, -935, -935, -935, -935, -935, -935, -935, -935, -935, -935, -935, -935, -935, -935, -935, -935, -935, -935, -935, -935, -935, -935, -935, -935, -935, -935, -935, -935, -935, -935, -935, -935, -935, -935, -935, -935, -935, -935, -935, -935, -935, -935, -935, -935, -935, -935, -935, -935, -935, -935, -935, -935, -935, -935, -935, -935, -935, -935, -935, -935, -935, -935, -935, -935, -935, -935, -935, -935, -935, -935, -935, -935, -935, -935, -935, -935, -935, -935, -935, -935, -935, -935, -935, -935, -935, -935, -935, -935, -935, -935, -935, -935, -935, -935, -935, -935, -935, -935, -935, -935, -935, -935, -935, -935, -935, -935, -935, -935, -935, -935, -935, -935, -935, -935, -935, -935, -935, -935, -935, -935, -935, -935, -935, -935, -935, -945, -945, -945, -945, -950, -1039, -1039, -1039, -1039, -1039, -1039, -1039, -935, -935, -1039, -1039, -1039, -935, -935, -935, -935, -935, -935, -935, -935, -935, -935, -950, -950, -950, -950, -935, -935, -950, -950, -950, -935, -935, -935, -935, -935, -935, -935, -935, -935, -935, -935, -935, -935, -935, -935, -935, -935, -935, -935, -935, -935, -935, -935, -935, -935, -935, -935, -935, -935, -935, -935, -935, -935, -935, -950, -950, -950, -950, -940, -950, -950, -950, -950, -950, -950, -950, -950, -950, -950, -950, -950, -935, -935, -935, -935, -935, -935, -935, -935, -935, -935, -935, -935, -950, -950, -940, -940, -940, -940, -940, -940, -950, -950, -950, -950, -950, -950, -950, -950, -950, -950, -950, -950, -950, -950, -950, -950, -950, -950, -935, -935, -935, -935, -935, -935, -935, -935, -935, -935, -935, -935, -935, -935, -935, -935, -935, -935, -935, -950, -950, -950, -950, -950, -950, -950, -950, -950, -950, -950, -950, -950, -950, -950, -950, -950, -950, -950, -950, -950, -950, -950, -950, -950, -950, -950, -950, -950, -950, -950, -950, -950, -950, -950, -950, -950, -950, -950, -950, -950, -950, -950, -950, -950, -950, -950, -955, -955, -955, -955, -955, -955, -955, -955, -955, -955, -955, -955, -955, -955, -955, -955, -955, -955, -955, -955, -955, -955, -955, -955, -955, -955, -955, -955, -940, -940, -955, -955, -955, -955, -955, -955, -955, -955, -955, -955, -955, -955, -955, -955, -955, -955, -955, -955, -955, -955, -955, -955, -955, -955, -955, -955, -955, -955, -955, -955, -955, -955, -955, -955, -955, -955, -955, -950, -955, -955, -950, -950, -950, -950, -950, -950, -950, -950, -950, -945, -945, -945, -945, -945, -945, -945, -945, -945, -945, -945, -940, -940, -940, -935, -935, -935, -935, -935, -935, -935, -935, -935, -935, -935, -935, -935, -935, -935, -935, -935, -935, -935, -935, -935, -935, -935, -935, -935, -935, -935, -935, -935, -935, -935, -935, -935, -935, -935, -935, -935, -935, -935, -935, -935, -935, -935, -935, -935, -935, -935, -935, -935, -935, -935, -935, -935, -935, -935, -935, -935, -935, -935, -935, -935, -935, -935, -935, -935, -935, -935, -935, -935, -935, -935, -935, -935, -935, -935, -935, -935, -935, -935, -935, -935, -935, -935, -935, -935, -935, -935, -935, -935, -935, -935, -935, -935, -935, -935, -935, -935, -935, -935, -935, -935, -935, -935, -935, -935, -935, -935, -935, -935, -935, -935, -935, -935, -935, -935, -935, -935, -935, -935, -935, -935, -935, -935, -935, -935, -935, -935, -935, -935, -935, -935, -935, -935, -935, -935, -935, -935, -935, -935, -935, -935, -935, -935, -935, -935, -935, -935, -935, -935, -935, -935, -935, -935, -935, -935, -935, -935, -935, -935, -935, -935, -935, -935, -935, -935, -935, -935, -935, -935, -935, -935, -935, -935, -935, -935, -935, -935, -935, -935, -935, -935, -935, -935, -935, -935, -935, -935, -935, -935, -935, -935, -935, -935, -935, -935, -935, -935, -935, -935, -935, -935, -935, -935, -935, -935, -935, -935, -935, -935, -935, -935, -935, -935, -935, -935, -935, -935, -935, -945, -945, -945, -945, -945, -945, -950, -950, -950, -950, -950, -950, -950, -935, -945, -945, -945, -945, -945, -945, -945, -945, -945, -945, -945, -945, -945, -945, -945, -945, -945, -945, -945, -945, -945, -945, -945, -945, -945, -945, -945, -945, -960, -960, -945, -950, -950, -950, -950, -950, -950, -950, -950, -950, -950, -950, -950, -950, -950, -950, -950, -950, -950, -950, -950, -950, -950, -950, -950, -950, -950, -950, -950, -950, -950, -950, -950, -950, -950, -950, -945, -945, -950, -950, -950, -950, -950, -950, -950, -950, -950, -950, -945, -945, -945, -945, -945, -940, -950, -950, -950, -950, -950, -950, -950, -950, -950, -950, -950, -950, -950, -950, -950, -950, -950, -950, -950, -950, -950, -950, -950, -950, -950, -950, -950, -950, -950, -950, -950, -950, -950, -950, -950, -950, -950, -950, -945, -945, -945, -940, -940, -940, -940, -940, -940, -940, -940, -940, -940, -940, -940, -940, -940, -940, -940, -935, -935, -935, -935, -935, -935, -935, -935, -935, -935, -935, -935, -935, -935, -935, -935, -935, -935, -935, -935, -935, -935, -935, -935, -935, -940, -935, -940, -940, -940, -940, -940, -940, -955, -955, -955, -955, -955, -955, -955, -955, -955, -955, -955, -955, -955, -955, -955, -955, -955, -955, -955, -955, -955, -955, -955, -955, -955, -955, -955, -955, -955, -955, -955, -975, -975, -975, -975, -975, -975, -975, -975, -975, -975, -975, -965, -965, -965, -965, -965, -965, -965, -965, -965, -965, -965, -965, -965, -965, -965, -965, -965, -965, -965, -965, -965, -965, -965, -965, -965, -965, -965, -965, -965, -965, -965, -965, -965, -955, -955, -955, -955, -955, -935, -935, -935, -935, -935, -935, -935, -935, -935, -935, -945, -945, -945, -945, -945, -965, -965, -965, -975, -975, -975, -975, -975, -975, -970, -970, -970, -970, -970, -970, -970, -970, -970, -970, -970, -970, -970, -1084, -1084, -1084, -1084, -1084, -995, -1084, -1084, -995, -995, -995, -995, -975, -975, -975, -975, -975, -975, -975, -975, -975, -975, -975, -975, -975, -975, -975, -975, -975, -975, -975, -965, -965, -965, -965, -965, -965, -955, -955, -955, -955, -955, -955, -955, -955, -955, -955, -945, -945, -955, -945, -965, -965, -965, -965, -965, -965, -965, -965, -965, -965, -965, -965, -965, -965, -960, -960, -965, -965, -965, -965, -965, -965, -965, -965, -965, -965, -945, -965, -965, -965, -960, -960, -960, -965, -965, -965, -965, -965, -965, -965, -965, -965, -965, -965, -965, -965, -965, -965, -965, -965, -965, -965, -960, -965, -965, -965, -965, -965, -965, -965, -965, -965, -965, -965, -965, -965, -965, -965, -965, -965, -960, -965, -965, -965, -965, -965, -965, -965, -965, -965, -965, -965, -960, -960, -960, -960, -960, -960, -965, -965, -965, -960, -960, -960, -960, -960, -960, -965, -960, -960, -965, -965, -965, -965, -965, -965, -965, -1173, -1173, -1173, -1074, -1173, -1168, -1173, -1173, -1173, -1173, -1168, -1168, -1168, -1064, -1168, -1168, -1168, -1168, -1168, -1168, -1168, -960, -1168, -1168, -1168, -1168, -1168, -1168, -1168, -1168, -1168, -1168, -1163, -1094, -1094, -1094, -1168, -1163, -960, -1163, -1163, -1163, -1163, -1163, -1163, -1163, -1163, -1163, -1163, -1163, -1163, -1163, -1163, -1163, -1163, -1163, -1163, -1163, -1163, -1163, -1163, -1163, -1163, -1163, -1163, -1158, -1158, -1158, -955, -955, -955, -955, -1158, -1158, -955, -955, -955, -955, -955, -955, -955, -955, -955, -955, -955, -955, -955, -955, -955, -955, -955, -955, -955, -955, -955, -955, -955, -955, -955, -955, -955, -955, -955, -955, -955, -955, -955, -955, -955, -955, -955, -955, -955, -955, -955, -955, -955, -955, -955, -955, -955, -955, -955, -955, -955, -955, -955, -955, -955, -955, -950, -950, -950, -950, -950, -950, -950, -950, -950, -960, -960, -1351, -1351, -1351, -1351, -1351, -1351, -1152, -1152, -1148, -1148, -945, -945, -945, -945, -945, -945, -945, -935, -935, -950, -960, -960, -960, -960, -960, -965, -975, -975, -975, -1099, -1099, -1099, -1099, -1099, -1099, -1099, -1099, -1099, -1099, -1099, -1099, -1084, -1084, -1099, -1099, -1099, -1099, -1084, -1084, -1084, -1089, -1099, -1099, -1089, -1099, -1099, -1099, -1099, -1099, -1099, -1005, -1099, -1099, -1089, -1089, -1084, -1089, -1089, -1000, -975, -975, -975, -975, -975, -975, -975, -995, -1099, -1099, -1099, -1099, -1099, -1099, -1099, -1099, -1099, -1099, -1099, -1099, -1099, -1099, -1099, -1099, -1099, -1099, -975, -975, -975, -975, -975, -975, -975, -1005, -1005, -1005, -1005, -1099, -1099, -1099, -1099, -1099, -1099, -1099, -1099, -1099, -1099, -1099, -1099, -1099, -1099, -1099, -1099, -1099, -1099, -1099, -1099, -1099, -1099, -1084, -1099, -1099, -1099, -1099, -1099, -1099, -1099, -1089, -1099, -1099, -1099, -1099, -1099, -1015, -1099, -1084, -1099, -1099, -1099, -1099, -1099, -1099, -1099, -1099, -1099, -1203, -1203, -1203, -1099, -1099, -1099, -1099, -1099, -975, -1099, -1099, -1084, -1084, -1084, -1084, -1084, -1084, -1084, -1084, -1084, -1084, -1069, -1069, -1069, -1074, -1074, -1074, -1074, -1074, -975, -965, -965, -965, -960, -960, -960, -960, -960, -960, -965, -965, -965, -965, -950, -950, -950, -950, -950, -950, -950, -950, -935, -950, -950, -950, -950, -950, -950, -950, -950, -950, -950, -950, -950, -950, -950, -950, -950, -950, -950, -950, -950, -950, -950, -950, -935, -950, -950, -950, -950, -950, -950, -950, -950, -950, -950, -950, -950, -950, -950, -950, -950, -950, -950, -950, -950, -950, -950, -950, -950, -950, -950, -950, -950, -950, -950, -950, -950, -950, -950, -950, -950, -950, -950, -950, -950, -950, -950, -950, -950, -950, -950, -950, -950, -950, -950, -950, -950, -950, -950, -950, -950, -950, -950, -950, -950, -950, -950, -950, -950, -950, -950, -1089, -1089, -1089, -1089, -1089, -1089, -1193, -1193, -1193, -1193, -1193, -1183, -1183, -1193, -1193, -1193, -1193, -1193, -1193, -1193, -1193, -1193, -1099, -1099, -1193, -1193, -1193, -1193, -1193, -1000, -1193, -1193, -1193, -1193, -1193, -1193, -1193, -1193, -1193, -1193, -1193, -1193, -1193, -1188, -1188, -1193, -1193, -1193, -1193, -1193, -1193, -1193, -1193, -1193, -1188, -1188, -1188, -1188, -1292, -1193, -1193, -1426, -1426, -1426, -1426, -1426, -1426, -1426, -1188, -1188, -1188, -1188, -1188, -1188, -1188, -1188, -1188, -1188, -1188, -1188, -1203, -1203, -1203, -1203, -1203, -1203, -1104, -1104, -1203, -1203, -1203, -1099, -1099, -1099, -1099, -1149, -1149, -1203, -1198, -1198, -1198, -1203, -1203, -1203, -1203, -1203, -1203, -1203, -1203, -1010, -1010, -1010, -1010, -1010, -1010, -1010, -1010, -1010, -1010, -1010, -1010, -1010, -1010, -1010, -1010, -1005, -1005, -1010, -1010, -1010, -1010, -1010, -1010, -995, -995, -995, -1000, -1000, -1000, -1000, -1000, -1000, -1000, -1000, -990, -990, -990, -990, -990, -990, -990, -990, -990, -990, -990, -990, -990, -990, -990, -990, -990, -990, -990, -990, -990, -990, -990, -990, -990, -990, -990, -990, -990, -990, -990, -990, -990, -990, -990, -990, -990, -990, -990, -990, -990, -990, -990, -990, -990, -990, -990, -990, -990, -985, -990, -990, -990, -990, -990, -990, -990, -990, -990, -990, -990, -990, -990, -990, -990, -990, -990, -990, -990, -990, -990, -990, -990, -990, -990, -990, -990, -990, -990, -990, -985, -985, -985, -985, -985, -985, -985, -985, -985, -985, -985, -985, -985, -985, -985, -985, -985, -985, -985, -985, -950, -985, -985, -985, -985, -985, -985, -985, -985, -985, -985, -985, -1005, -1005, -1005, -1005, -1005, -1005, -1005, -995, -995, -995, -995, -1005, -1005, -980, -1005, -1005, -1005, -1005, -1005, -1005, -1005, -1005, -1005, -1005, -1005, -1005, -1005, -1005, -1005, -1005, -995, -995, -995, -1005, -1005, -1005, -1005, -1005, -1005, -1005, -1005, -1005, -1005, -1005, -1005, -1005, -1005, -1005, -1005, -1005, -1005, -1005, -1005, -1005, -1005, -1005, -1005, -1005, -1005, -1005, -1005, -1005, -1005, -1005, -1005, -1005, -1005, -1005, -1005, -1005, -1005, -1005, -1005, -1005, -1005, -1005, -1005, -1005, -1005, -1005, -995, -1005, -1005, -1005, -1005, -1005, -1005, -1005, -1005, -1005, -1005, -995, -995, -1005, -1005, -1005, -995, -995, -995, -995, -995, -995, -1005, -1005, -1005, -1005, -1005, -1005, -1005, -1005, -1005, -1005, -1005, -1005, -1005, -1005, -1005, -1005, -1005, -1005, -1005, -1005, -1005, -1005, -990, -990, -990, -990, -1005, -1005, -1005, -1005, -1005, -1005, -1005, -1005, -985, -985, -985, -985, -985, -985, -985, -985, -985, -985, -985, -985, -985, -985, -985, -985, -985, -985, -985, -985, -985, -985, -985, -985, -985, -985, -985, -985, -985, -985, -985, -985, -985, -985, -985, -985, -985, -985, -985, -985, -985, -985, -985, -985, -985, -985, -985, -985, -985, -985, -985, -985, -985, -985, -985, -985, -985, -985, -985, -985, -985, -985, -985, -985, -985, -985, -985, -985, -985, -985, -985, -985, -985, -985, -980, -980, -980, -985, -985, -985, -985, -985, -985, -985, -985, -985, -985, -985, -985, -985, -985, -985, -985, -985, -985, -970, -970, -985, -985, -985, -985, -985, -985, -985, -985, -985, -985, -985, -985, -985, -985, -985, -985, -965, -965, -985, -985, -985, -985, -985, -985, -985, -985, -985, -965, -965, -965, -965, -965, -985, -980, -980, -980, -980, -980, -970, -970, -970, -980, -980, -980, -980, -980, -970, -970, -970, -970, -970, -970, -970, -970, -970, -970, -970, -970, -945, -945, -945, -945, -970, -970, -970, -960, -960, -970, -970, -960, -960, -960, -960, -960, -960, -960, -960, -960, -960, -960, -960, -960, -960, -960, -960, -960, -960, -960, -960, -960, -960, -960, -960, -960, -960, -945, -945, -945, -945, -945, -945, -945, -945, -945, -945, -935, -945, -945, -935, -945, -945, -945, -945, -945, -945, -945, -945, -945, -945, -945, -945, -945, -945, -945, -945, -945, -945, -945, -945, -935, -945, -945, -945, -935, -945, -945, -945, -945, -945, -945, -945, -945, -945, -935, -945, -945, -945, -945, -945, -945, -945, -945, -945, -945, -945, -945, -945, -945, -935, -935, -935, -935, -935, -935, -935, -935, -935, -935, -935, -935, -935, -935, -935, -935, -935, -935, -935, -935, -935, -935, -935, -935, -935, -935, -935, -935, -935, -935, -935, -935, -935, -935, -935, -935, -935, -935, -935, -935, -935, -935, -935, -935, -935, -935, -935, -935, -935, -935, -935, -935, -935, -935, -935, -935, -935, -935, -935, -935, -935, -935, -935, -935, -935, -935, -935, -935, -935, -935, -935, -935, -935, -935, -935, -935, -935, -935, -935, -935, -935, -935, -935, -935, -935, -935, -935, -935, -935, -935, -935, -935, -935, -935, -935, -935, -935, -935, -935, -935, -935, -935, -935, -935, -935, -935, -935, -935, -935, -935, -935, -935, -935, -935, -935, -935, -935, -935, -935, -935, -935, -935, -935, -935, -935, -935, -935, -935, -935, -935, -935, -935, -935, -935, -935, -935, -935, -935, -935, -935, -935, -935, -935, -935, -935, -935, -935, -935, -935, -935, -935, -935, -935, -935, -935, -935, -935, -935, -935, -935, -935, -935, -935, -935, -935, -935, -935, -935, -935, -935, -935, -935, -935, -935, -935, -935, -935, -935, -935, -935, -935, -935, -935, -935, -935, -935, -935, -935, -935, -935, -935, -935, -935, -935, -935, -935, -935, -935, -935, -935, -935, -935, -940, -940, -935, -935, -935, -935, -940, -940, -940, -940, -940, -940, -940, -940, -940, -940, -935, -935, -935, -940, -940, -940, -950, -950, -950, -950, -950, -935, -950, -950, -950, -950, -950, -950, -950, -950, -950, -950, -950, -950, -950, -950, -950, -950, -950, -950, -950, -950, -950, -950, -950, -935, -935, -935, -935, -935, -935, -935, -935, -935, -935, -935, -935, -935, -935, -935, -935, -935, -935, -935, -935, -935, -935, -935, -935, -935, -935, -935, -935, -935, -935, -935, -935, -935, -935, -935, -935, -935, -935, -935, -935, -935, -935, -935, -1039, -1039, -1183, -1193, -1193, -1193, -1193, -1193, -1193, -1193, -1267, -1267, -1267, -1198, -1198, -1267, -1069, -1069, -1069, -1069, -1069, -1069, -1069, -1069, -1069, -1069, -1069, -1069, -1069, -1069, -1064, -1064, -1064, -1064, -1064, -1064, -1064, -960, -1064, -1064, -1064, -1064, -1064, -935, -935, -1005, -1005, -1005, -950, -970, -970, -970, -970, -970, -970, -970, -970, -950, -970, -970, -970, -970, -970, -970, -970, -970, -970, -970, -970, -970, -970, -970, -970, -970, -970, -970, -970, -970, -970, -970, -970, -960, -960, -960, -960, -960, -960, -960, -970, -970, -970, -970, -970, -970, -970, -970, -970, -970, -970, -970, -970, -970, -970, -970, -970, -970, -970, -960, -960, -960, -960, -960, -970, -970, -970, -970, -970, -970, -970, -970, -970, -970, -970, -970, -970, -970, -970, -970, -970, -970, -970, -970, -970, -970, -970, -970, -970, -970, -970, -970, -970, -970, -970, -970, -970, -970, -970, -970, -970, -970, -970, -970, -970, -970, -970, -970, -970, -970, -970, -970, -970, -970, -970, -970, -970, -970, -970, -970, -970, -975, -975, -975, -970, -970, -970, -970, -970, -970, -970, -970, -970, -970, -970, -970, -970, -970, -970, -970, -970, -970, -970, -970, -970, -970, -970, -970, -970, -970, -970, -970, -970, -970, -970, -970, -970, -970, -970, -970, -970, -970, -970, -975, -975, -1223, -1223, -1223, -1208, -1099, -1099, -1099, -1208, -1228, -1228, -1228, -1228, -1228, -1228, -1094, -1094, -1094, -1094, -1158, -1064, -1074, -1074, -1074, -1085, -1163, -1163, -1110, -1075, -1075, -1075, -1075, -1075, -1075, -1075, -1075, -1075, -1075, -1075, -1075, -1015, -1070, -1075, -1075, -1075, -1075, -1075, -1075, -1075, -1075, -990, -990, -990, -1075, -1075, -1075, -1075, -1060, -1075, -1075, -1075, -1035, -1035, -1035, -1075, -1075, -1075, -1075, -1075, -1075, -1075, -1075, -1075, -1075, -1075, -1075, -1075, -1075, -1075, -1075, -1075, -1075, -1075, -1075, -1075, -1075, -1075, -1075, -1075, -1075, -1075, -1075, -1075, -1075, -1060, -1060, -1060, -1060, -1045, -1060, -1060, -1060, -1075, -1075, -1075, -1075, -1075, -1075, -1075, -1075, -1065, -1065, -1065, -1065, -1065, -1065, -1065, -1065, -1065, -1065, -1065, -1065, -1065, -1065, -1065, -1065, -1065, -1065, -1065, -1065, -1065, -1065, -1065, -1065, -1065, -1065, -1065, -1065, -1065, -1065, -1065, -1065, -1060, -1060, -1065, -1065, -1060, -1045, -1045, -1045, -1045, -1045, -1045, -1045, -1045, -1045, -1045, -1045, -1045, -1045, -1045, -1045, -1045, -1045, -1045, -1045, -1045, -1045, -1045, -1045, -1045, -1045, -1045, -1035, -1035, -1035, -1035, -1035, -1045, -1045, -1045, -1045, -1045, -1045, -1045, -1045, -1045, -1045, -1045, -1045, -1045, -1045, -1045, -1035, -1035, -1035, -1035, -1035, -1035, -1035, -1035, -1035, -1035, -1035, -1035, -1035, -1035, -1035, -1035, -1035, -1035, -1035, -1035, -1035, -1035, -1035, -1035, -1035, -1035, -1035, -1035, -1035, -1035, -1035, -1035, -1035, -1035, -1035, -1035, -1035, -1035, -1010, -1010, -1010, -1010, -1010, -1010, -1010, -1010, -1010, -1010, -1010, -1010, -1010, -1010, -1010, -1010, -1010, -1010, -1010, -1010, -1010, -1010, -1010, -1010, -1010, -1010, -1010, -1010, -1010, -1010, -1010, -1010, -1010, -1010, -1010, -1010, -1010, -1010, -1010, -1010, -1010, -1010, -1010, -1010, -1010, -1010, -1010, -1010, -1010, -1010, -1010, -1010, -1010, -1010, -1010, -1010, -1010, -1010, -1010, -1010, -1010, -1010, -1010, -1010, -1010, -1010, -1010, -1010, -985, -1005, -1005, -1005, -980, -1005, -1005, -1005, -1005, -1005, -1005, -1005, -1005, -1005, -1005, -1010, -1010, -1010, -1010, -1010, -1010, -1010, -1010, -1010, -1010, -1010, -1010, -1010, -1010, -1010, -1010, -1010, -1010, -1010, -1010, -1010, -1010, -1010, -1010, -1010, -1010, -1010, -1010, -1010, -1010, -1010, -1010, -1010, -1010, -1010, -1010, -1010, -1010, -1010, -1010, -1010, -1010, -1010, -1010, -1010, -1010, -1010, -1010, -1010, -1010, -1010, -1010, -1010, -1010, -1010, -1010, -1010, -1010, -1010, -1010, -1010, -1010, -1010, -1010, -1010, -1010, -1010, -1010, -970, -1010, -1010, -1010, -1010, -1010, -1010, -1010, -1010, -1010, -1010, -1010, -1010, -1010, -1010, -1010, -1010, -1010, -1010, -1010, -1010, -1010, -1010, -1010, -1010, -1010, -1010, -1010, -1010, -1010, -1010, -1010, -1010, -1010, -1223, -1223, -1223, -1223, -1223, -1223, -1223, -1223, -1223, -1124, -1124, -1124, -1124, -1124, -1010, -1010, -1010, -1010, -1010, -1223, -1223, -1223, -1223, -1223, -1223, -1223, -1223, -1223, -1223, -1223, -1223, -1223, -1223, -1015, -1035, -1223, -1010, -1223, -1223, -1223, -1223, -1223, -1223, -1035, -1035, -1035, -1035, -1035, -1035, -1035, -1035, -1035, -1035, -1035, -1015, -1030, -1035, -1035, -1035, -1035, -1035, -1035, -1035, -1035, -1035, -1035, -1035, -1035, -1035, -1035, -1035, -1035, -1035, -1035, -1035, -1035, -1035, -1035, -1035, -1035, -1035, -1035, -1035, -1035, -1035, -1015, -1035, -1035, -1035, -1035, -1035, -1035, -1035, -1035, -1035, -1035, -1035, -1000, -1000, -1035, -1035, -1000, -1000, -1000, -1000, -1000, -1000, -1000, -1000, -1000, -1000, -1000, -1035, -1035, -1035, -1035, -1035, -1035, -1035, -1035, -1035, -1035, -1035, -1035, -1035, -1035, -1035, -1035, -1035, -1035, -1035, -1035, -1035, -980, -1035, -1035, -1035, -1035, -1035, -1035, -1035, -1035, -1035, -1035, -1035, -1035, -1035, -1035, -1035, -1035, -1035, -1035, -1035, -1035, -1035, -1035, -1035, -1035, -1035, -1035, -1035, -1035, -1035, -1035, -1035, -1035, -1035, -1020, -1035, -1035, -1035, -1035, -1035, -1035, -1035, -1035, -1035, -1035, -995, -995, -1035, -1035, -1035, -1035, -1035, -1035, -1020, -1020, -1035, -1020, -1020, -1020, -1020, -1020, -1020, -1020, -1020, -1020, -1020, -1020, -1020, -1020, -1020, -1020, -1020, -1020, -1020, -1020, -1020, -1020, -1020, -1020, -1020, -1020, -1020, -1020, -1010, -1020, -1020, -1020, -1020, -1020, -1020, -1020, -1005, -1005, -1005, -1005, -1005, -1005, -1005, -1005, -1005, -1005, -1005, -995, -995, -995, -995, -1005, -1005, -1000, -1000, -1000, -1005, -1005, -1005, -1005, -1005, -1005, -1005, -1005, -1005, -1005, -1005, -1005, -1005, -1005, -1005, -1005, -1005, -1005, -1005, -1005, -1005, -1005, -1005, -1005, -1005, -1005, -1005, -1005, -1005, -1005, -1005, -1005, -1005, -1005, -1005, -1005, -1005, -1005, -1005, -1005, -1005, -1005, -1005, -1005, -1005, -1005, -1005, -1005, -1005, -1005, -1005, -1005, -1005, -1005, -1005, -1005, -1005, -1005, -1005, -1005, -1005, -1005, -1005, -1005, -1005, -1005, -1005, -1005, -1005, -1005, -1005, -1005, -1005, -1005, -1005, -1005, -1005, -1000, -1000, -1000, -1005, -1005, -1005, -1005, -1005, -1005, -1005, -1005, -1005, -1005, -1005, -1005, -1005, -1005, -1005, -1005, -1005, -1005, -1005, -1005, -1005, -1005, -1005, -1005, -1005, -1005, -980, -980, -980, -1005, -1005, -1005, -1005, -1005, -1005, -1005, -1005, -1005, -1005, -1005, -1005, -1005, -1005, -1005, -1005, -1005, -1005, -1005, -1005, -1005, -1005, -1005, -1005, -1005, -1005, -1005, -1005, -1005, -1005, -1005, -1005, -1005, -1005, -1005, -1005, -1005, -1005, -1005, -1005, -1005, -1005, -1005, -1005, -1005, -1005, -1005, -1005, -1005, -1005, -1005, -970, -970, -970, -970, -970, -970, -970, -970, -970, -970, -970, -970, -970, -970, -970, -970, -970, -970, -970, -970, -970, -970, -970, -970, -970, -970, -970, -970, -970, -970, -945, -945, -945, -945, -945, -945, -945, -945, -945, -945, -945, -945, -945, -945, -940, -940, -940, -940, -940, -940, -935, -935, -935, -935, -935, -935, -935, -935, -940, -940, -940, -935, -935, -935, -935, -940, -940, -940, -940, -940, -940, -940, -940, -940, -940, -940, -940, -940, -940, -940, -940, -940, -940, -940, -940, -940, -940, -940, -940, -940, -940, -940, -940, -940, -940, -940, -940, -940, -940, -940, -935, -935, -940, -940, -940, -940, -940, -940, -940, -940, -940, -940, -940, -940, -935, -935, -935, -935, -935, -935, -935, -935, -940, -940, -940, -940, -940, -940, -940, -940, -940, -940, -940, -940, -940, -940, -940, -940, -940, -940, -940, -940, -940, -940, -940, -940, -940, -940, -940, -940, -940, -940, -940, -940, -940, -940, -940, -940, -940, -940, -940, -940, -940, -940, -935, -935, -935, -935, -935, -935, -935, -935, -935, -935, -935, -935, -935, -935, -935, -935, -935, -935, -935, -940, -940, -940, -940, -940, -940, -940, -940, -940, -940, -935, -940, -940, -940, -940, -940, -940, -940, -940, -940, -940, -940, -940, -940, -940, -940, -940, -940, -940, -940, -940, -940, -940, -940, -940, -940, -940, -940, -940, -940, -940, -940, -940, -940, -945, -945, -945, -945, -945, -945, -945, -945, -945, -945, -945, -945, -945, -945, -945, -945, -945, -945, -945, -945, -945, -945, -940, -940, -940, -940, -940, -945, -945, -945, -945, -945, -945, -945, -945, -945, -945, -945, -945, -945, -945, -945, -945, -945, -945, -945, -945, -945, -945, -945, -945, -945, -945, -945, -945, -945, -945, -945, -945, -940, -940, -940, -940, -940, -940, -940, -940, -940, -940, -940, -935, -935, -935, -935, -935, -935, -935, -935, -935, -935, -935, -935, -935, -935, -935, -935, -935, -935, -935, -935, -935, -935, -935, -935, -935, -935, -935, -935, -935, -935, -935, -935, -935, -935, -935, -935, -935, -935, -935, -935, -935, -935, -935, -935, -935, -935, -935, -935, -935, -935, -935, -935, -935, -935, -935, -935, -935, -935, -935, -935, -935, -935, -935, -935, -935, -935, -935, -935, -935, -935, -935, -935, -935, -935, -935, -935, -935, -935, -935, -935, -935, -935, -935, -935, -935, -935, -935, -935, -935, -935, -935, -935, -935, -935, -935, -935, -935, -935, -935, -935, -935, -935, -935, -935, -935, -935, -935, -935, -935, -935, -935, -935, -935, -935, -935, -935, -935, -935, -935, -935, -935, -935, -935, -935, -935, -935, -935, -935, -935, -935, -935, -935, -935, -935, -935, -935, -935, -935, -935, -935, -935, -935, -935, -935, -935, -935, -935, -935, -935, -935, -935, -935, -935, -935, -935, -935, -935, -935, -935, -935, -935, -935, -935, -935, -935, -935, -935, -935, -935, -935, -935, -935, -935, -935, -935, -935, -935, -935, -935, -935, -935, -935, -935, -935, -935, -935, -935, -935, -935, -935, -935, -935, -935, -935, -935, -935, -935, -935, -935, -935, -935, -935, -935, -935, -935, -935, -935, -935, -935, -935, -935, -1039, -1039, -1039, -1039, -1039, -1039, -1039, -1039, -1039, -1341, -1341, -1341, -1341, -1341, -1242, -1351, -1351, -1351, -1351, -1351, -1351, -1351, -1351, -1351, -1168, -1168, -1168, -1168, -1168, -1049, -1168, -1168, -1084, -1084, -1084, -1064, -1064, -1064, -1064, -1064, -1049, -1049, -1049, -1049, -1049, -1049, -1049, -1049, -1049, -1049, -1049, -1049, -1049, -1049, -1049, -1049, -1049, -1049, -1049, -1049, -1049, -1049, -1049, -1049, -1049, -1049, -1049, -1049, -1049, -1049, -1049, -1049, -1049, -1049, -1049, -1049, -950, -950, -950, -950, -950, -950, -950, -950, -950, -950, -950, -950, -950, -950, -950, -950, -950, -950, -950, -950, -950, -950, -950, -950, -950, -950, -950, -950, -950, -950, -950, -950, -950, -950, -950, -950, -950, -950, -950, -950, -950, -950, -950, -950, -1228, -1089, -1089, -1089, -1089, -1089, -1089, -1089, -1089, -1089, -1089, -1089, -1089, -1089, -1089, -1089, -1089, -1089, -1089, -1089, -1089, -1089, -1089, -1089, -1089, -1089, -1005, -1005, -1005, -1005, -1005, -1005, -1005, -1005, -1005, -1005, -1005, -1005, -1005, -1005, -1005, -1005, -1005, -1005, -1005, -1005, -1005, -1005, -985, -985, -985, -985, -985, -985, -1005, -1005, -995, -995, -995, -995, -995, -995, -990, -990, -990, -990, -990, -990, -980, -980, -980, -980, -980, -990, -990, -995, -995, -995, -995, -995, -995, -995, -995, -995, -995, -995, -995, -995, -995, -980, -980, -980, -980, -980, -980, -980, -980, -980, -980, -980, -980, -980, -980, -980, -980, -980, -980, -980, -980, -980, -980, -975, -980, -980, -980, -980, -980, -980, -980, -980, -980, -980, -980, -975, -975, -975, -975, -975, -975, -975, -975, -975, -975, -975, -975, -975, -980, -980, -980, -980, -980, -980, -980, -980, -980, -980, -980, -980, -980, -980, -980, -980, -980, -980, -980, -980, -980, -980, -980, -980, -980, -980, -980, -980, -980, -980, -980, -980, -980, -980, -980, -980, -980, -980, -980, -980, -980, -975, -980, -980, -980, -980, -980, -980, -980, -980, -980, -980, -980, -980, -980, -960, -980, -980, -980, -980, -980, -980, -980, -980, -980, -980, -980, -980, -960, -960, -960, -960, -960, -960, -960, -960, -960, -960, -960, -960, -960, -960, -960, -960, -960, -960, -960, -960, -960, -960, -960, -960, -960, -960, -960, -960, -960, -960, -960, -960, -960, -960, -960, -960, -960, -960, -960, -960, -960, -960, -945, -960, -960, -960, -960, -960, -960, -960, -960, -960, -960, -955, -955, -955, -955, -955, -955, -955, -955, -955, -955, -955, -955, -955, -955, -955, -955, -955, -955, -955, -955, -955, -955, -955, -955, -955, -955, -955, -955, -955, -955, -955, -955, -955, -935, -935, -935, -935, -935, -935, -935, -935, -935, -935, -935, -935, -935, -935, -935, -935, -935, -935, -935, -935, -935, -935, -935, -935, -935, -935, -935, -935, -935, -935, -935, -935, -935, -935, -935, -935, -935, -935, -935, -935, -935, -935, -935, -935, -935, -935, -935, -935, -935, -935, -935, -935, -935, -935, -955, -955, -955, -955, -955, -955, -955, -955, -955, -955, -955, -955, -955, -1044, -1044, -1044, -1044, -940, -940, -940, -940, -940, -940, -940, -940, -940, -1039, -1039, -1039, -1039, -1039, -1039, -1039, -1039, -1039, -1039, -1036, -1039, -1039, -1039, -1039, -1039, -1039, -1039, -1039, -1039, -1039, -1039, -1039, -1039, -1039, -1039, -1069, -1163, -1245, -1458, -1364, -1364, -1260, -1156, -1156, -1260, -1364, -1364, -1239, -1364, -1273, -1065, -1065, -1065, -1169, -1169, -1114, -1208, -1169, -1169, -1169, -1065, -1169, -1169, -1169, -1169, -1169, -1065, -1060, -1060, -1060, -1060, -1060, -955, -1060, -1060, -1060, -1060, -1060, -1060, -1045, -1045, -1045, -1045, -1045, -1045, -1045, -1045, -1045, -1045, -1045, -1045, -1045, -1045, -1045, -1045, -1045, -1045, -1045, -1045, -1045, -1045, -1045, -1045, -1045, -1045, -1045, -1045, -1045, -1045, -1045, -1045, -1045, -1045, -1045, -1045, -1045, -1045, -1045, -1045, -1045, -1045, -1045, -1045, -1045, -1045, -1045, -1045, -1045, -1045, -1045, -1045, -1045, -1045, -1045, -1045, -1045, -1045, -1045, -1045, -1045, -1045, -1045, -1045, -1010, -1045, -1045, -1045, -1045, -1045, -1045, -1045, -1045, -1045, -1045, -1045, -1045, -1045, -1045, -1045, -1045, -1045, -1045, -1045, -1045, -1045, -1045, -1045, -1045, -1045, -1045, -1015, -1015, -1015, -1015, -1045, -1045, -1045, -1045, -1045, -1045, -1020, -1020, -1020, -1020, -1020, -1020, -1020, -1020, -1020, -1020, -1020, -1020, -1045, -1045, -1045, -1045, -1045, -1045, -1045, -1045, -1045, -1045, -1045, -1045, -1045, -1045, -1045, -1045, -1045, -1045, -1045, -1045, -1045, -1045, -1045, -1045, -1045, -1045, -1045, -1045, -1045, -1045, -1045, -1045, -1045, -1045, -1045, -1045, -1045, -1045, -1045, -1045, -1045, -965, -1045, -1045, -1045, -1045, -1045, -1045, -1045, -1045, -1045, -1045, -1045, -1045, -1045, -1045, -1045, -1045, -1045, -1045, -1045, -1045, -1045, -1045, -1045, -1045, -1045, -1045, -1045, -1045, -1045, -1045, -1045, -1045, -1045, -1045, -1045, -1045, -1045, -1015, -1015, -1040, -1040, -1040, -1040, -1040, -1040, -1040, -1040, -1040, -1040, -1040, -1040, -1040, -1040, -1040, -1040, -1040, -1040, -1040, -1040, -1040, -1040, -1040, -1040, -1040, -1040, -1040, -1040, -1040, -1040, -1040, -1040, -1040, -1040, -1040, -1040, -1040, -1040, -1040, -1040, -1040, -1040, -1040, -1040, -1040, -1040, -1040, -1040, -1040, -1040, -1040, -1035, -1035, -1035, -1035, -1035, -1035, -1035, -1035, -1035, -1035, -1035, -1035, -1035, -1035, -1035, -1035, -1035, -1035, -1035, -1035, -1035, -1035, -1035, -1030, -1030, -1030, -1035, -1035, -1035, -1035, -1035, -1035, -1035, -1035, -1035, -1020, -1020, -1020, -1020, -1020, -1020, -1020, -1020, -1030, -1030, -1030, -1030, -1030, -1030, -1030, -1020, -1020, -1030, -1030, -1030, -1030, -1030, -1030, -1030, -1030, -1030, -1030, -1030, -1030, -1030, -1030, -1030, -1030, -1030, -1030, -1030, -1030, -1030, -1030, -1030, -1030, -1030, -1030, -1030, -1030, -1030, -1030, -1030, -1030, -1030, -1030, -1030, -1030, -1030, -1030, -1030, -1030, -1030, -1030, -1030, -1030, -1030, -1030, -1030, -1030, -1030, -1030, -1030, -1030, -1030, -1030, -1030, -1030, -1116, -1116, -1116, -1116, -1116, -1116, -1116, -1116, -1116, -1116, -1116, -1116, -1116, -1116, -1116, -1116, -1116, -1116, -1116, -1116, -1116, -1116, -1116, -1116, -1116, -1116, -1065, -1116, -1116, -1116, -1116, -1116, -1116, -1116, -1116, -1116, -1116, -1116, -1116, -1116, -1116, -1116, -1116, -1116, -1116, -1116, -1116, -1030, -1030, -1116, -1116, -1116, -1116, -1116, -1116, -1116, -1116, -1116, -1116, -1116, -1116, -1116, -1116, -1116, -1116, -1116, -1116, -1116, -1116, -1050, -1050, -1050, -1050, -1111, -1111, -1111, -1111, -1111, -1111, -1111, -1111, -1111, -1111, -1111, -1111, -1111, -1111, -1111, -1111, -1111, -1111, -1111, -1101, -1101, -1101, -1101, -1101, -1101, -1101, -1101, -1101, -1101, -1101, -1101, -1091, -1101, -1101, -1101, -1101, -1101, -1101, -1101, -1101, -1101, -1101, -1101, -1101, -1101, -1101, -1101, -1101, -1101, -1101, -1101, -1101, -1101, -1101, -1101, -1101, -1101, -1101, -1101, -1101, -1096, -1096, -1096, -1096, -1096, -1096, -945, -945, -945, -940, -940, -940, -940, -940, -940, -940, -1030, -1030, -1030, -1091, -1091, -1091, -1091, -1091, -1091, -1091, -1091, -1091, -1091, -1091, -1091, -1091, -1091, -1091, -1091, -1091, -1091, -1091, -1091, -1091, -1091, -1091, -1091, -1091, -1091, -1091, -1091, -1091, -1091, -1091, -1091, -1091, -1091, -1091, -1091, -1091, -1091, -1091, -1091, -1091, -1091, -1091, -1091, -980, -1091, -1091, -1091, -1091, -1091, -1091, -1091, -1091, -1091, -1091, -1091, -1091, -1091, -1091, -1091, -1091, -1091, -1091, -1091, -1091, -1091, -1091, -1091, -1091, -1091, -1091, -1091, -1091, -1091, -1091, -1091, -1091, -1091, -1091, -1091, -1091, -1091, -1091, -1091, -1091, -1091, -1081, -1081, -1081, -1081, -1081, -1081, -1081, -1081, -1081, -1066, -1066, -1066, -1066, -1066, -1066, -1066, -1066, -1066, -1066, -1066, -1066, -1066, -1066, -1066, -1066, -1066, -1066, -1066, -1066, -1066, -1066, -1066, -1066, -935, -1066, -1066, -1066, -1066, -1066, -1066, -1066, -1066, -1066, -1066, -1066, -1066, -1066, -1066, -1066, -1066, -1066, -1066, -1066, -1066, -1066, -1066, -1066, -1066, -1066, -1066, -1066, -1066, -1066, -1066, -1056, -1056, -935, -935, -935, -935, -980, -980, -980, -980, -980, -980, -980, -980, -980, -980, -980, -980, -980, -960, -960, -980, -980, -980, -965, -965, -965, -965, -980, -980, -980, -980, -980, -980, -980, -980, -980, -980, -980, -980, -980, -980, -950, -950, -950, -950, -950, -950, -950, -950, -950, -950, -950, -950, -950, -950, -950, -935, -935, -935, -935, -935, -935, -935, -935, -935, -935, -935, -935, -935, -935, -935, -935, -935, -935, -935, -935, -935, -935, -935, -935, -935, -935, -935, -935, -935, -935, -935, -935, -935, -935, -935, -935, -935, -935, -935, -935, -935, -935, -935, -935, -935, -935, -935, -935, -935, -935, -935, -935, -935, -935, -935, -935, -935, -935, -935, -935, -935, -935, -935, -935, -935, -935, -935, -935, -935, -935, -935, -935, -935, -935, -935, -935, -935, -935, -935, -935, -935, -935, -935, -935, -935, -935, -935, -935, -935, -935, -935, -950, -950, -950, -935, -935, -950, -950, -950, -950, -950, -950, -950, -950, -935, -935, -935, -935, -935, -935, -935, -945, -945, -945, -935, -935, -935, -945, -945, -950, -950, -950, -950, -950, -950, -950, -950, -950, -950, -950, -950, -950, -950, -950, -950, -950, -950, -950, -950, -950, -950, -950, -950, -950, -950, -950, -950, -950, -950, -950, -950, -950, -950, -950, -950, -950, -950, -950, -950, -950, -950, -950, -950, -950, -950, -950, -950, -950, -950, -950, -950, -950, -935, -950, -950, -940, -950, -950, -950, -950, -950, -950, -950, -950, -950, -950, -950, -950, -950, -950, -950, -950, -950, -950, -950, -950, -950, -950, -950, -950, -950, -950, -950, -950, -950, -950, -950, -950, -950, -950, -950, -935, -935, -935, -935, -935, -935, -935, -935, -935, -935, -935, -935, -935, -935, -935, -935, -935, -935, -935, -935, -935, -935, -935, -935, -935, -935, -935, -935, -935, -935, -935, -935, -935, -935, -935, -935, -935, -935, -935, -935, -935, -935, -935, -935, -935, -935, -935, -935, -935, -935, -935, -935, -935, -935, -935, -935, -935, -935, -935, -935, -935, -935, -935, -935, -935, -935, -935, -935, -935, -935, -935, -1074, -1074, -1069, -1069, -1069, -1074, -1074, -1069, -1074, -1074, -1074, -1074, -1074, -1074, -1074, -1074, -1074, -1074, -1074, -970, -1069, -1069, -1069, -1069, -1069, -1069, -1069, -1069, -1069, -1069, -1069, -1069, -1069, -1049, -1049, -1049, -1049, -1049, -1049, -965, -965, -965, -965, -965, -965, -965, -965, -965, -965, -965, -965, -965, -965, -965, -965, -965, -965, -965, -965, -965, -965, -965, -965, -965, -965, -965, -965, -965, -965, -965, -965, -965, -965, -965, -965, -965, -965, -965, -965, -965, -965, -965, -965, -965, -965, -965, -965, -965, -965, -965, -965, -965, -965, -965, -965, -965, -965, -965, -965, -965, -965, -965, -965, -965, -965, -965, -965, -965, -965, -965, -965, -965, -965, -965, -965, -965, -965, -965, -1167, -1167, -1167, -1167, -1167, -1167, -1167, -1167, -1167, -1167, -1167, -1167, -965, -965, -965, -965, -965, -965, -965, -950, -950, -950, -950, -950, -950, -965, -950, -950, -950, -965, -965, -965, -965, -965, -965, -965, -965, -965, -965, -965, -965, -955, -965, -965, -965, -965, -965, -965, -965, -965, -965, -965, -965, -965, -965, -965, -965, -965, -965, -965, -955, -965, -965, -965, -965, -965, -965, -965, -965, -965, -965, -965, -965, -965, -960, -960, -960, -960, -950, -950, -950, -950, -950, -950, -960, -960, -1074, -1074, -1074, -965, -965, -965, -965, -965, -950, -950, -965, -965, -965, -965, -965, -965, -965, -965, -965, -965, -965, -965, -965, -965, -965, -965, -965, -965, -965, -965, -965, -965, -965, -965, -965, -965, -965, -965, -975, -975, -975, -975, -975, -975, -975, -975, -975, -975, -975, -975, -975, -975, -975, -975, -975, -975, -975, -975, -975, -975, -975, -975, -975, -975, -975, -975, -975, -965, -965, -965, -965, -975, -975, -975, -975, -975, -975, -975, -975, -975, -975, -975, -975, -975, -975, -975, -975, -975, -975, -975, -975, -975, -975, -975, -975, -975, -965, -965, -975, -975, -975, -975, -975, -975, -975, -975, -975, -975, -975, -975, -965, -965, -965, -965, -965, -965, -975, -975, -975, -975, -975, -975, -975, -975, -975, -975, -975, -975, -975, -975, -975, -975, -975, -975, -975, -975, -975, -975, -990, -975, -975, -975, -975, -990, -990, -990, -990, -990, -990, -990, -990, -990, -990, -990, -990, -990, -990, -990, -990, -975, -975, -975, -975, -975, -975, -975, -975, -975, -975, -975, -975, -975, -990, -990, -990, -990, -1094, -1000, -1094, -1094, -990, -990, -995, -995, -995, -995, -995, -990, -990, -990, -990, -990, -990, -990, -990, -985, -990, -990, -990, -990, -990, -990, -990, -990, -990, -990, -990, -990, -970, -990, -990, -990, -975, -975, -975, -990, -990, -990, -950, -950, -950, -990, -990, -990, -990, -990, -990, -990, -990, -990, -990, -990, -990, -990, -990, -990, -990, -990, -990, -990, -990, -990, -990, -990, -985, -990, -990, -990, -990, -990, -990, -990, -990, -990, -990, -990, -990, -990, -990, -990, -990, -990, -990, -990, -975, -975, -975, -975, -975, -975, -975, -975, -975, -975, -975, -975, -975, -975, -975, -975, -975, -975, -975, -975, -975, -975, -975, -975, -975, -975, -975, -965, -965, -965, -965, -965, -960, -965, -965, -965, -965, -965, -965, -965, -965, -965, -965, -965, -965, -965, -965, -965, -965, -965, -965, -965, -965, -965, -965, -965, -965, -965, -965, -965, -965, -965, -965, -965, -965, -965, -965, -965, -965, -965, -965, -965, -965, -965, -965, -965, -965, -965, -965, -965, -965, -965, -965, -965, -965, -965, -965, -965, -965, -965, -965, -965, -965, -965, -965, -965, -965, -965, -965, -965, -965, -965, -965, -965, -935, -935, -935, -935, -935, -935, -935, -935, -935, -935, -935, -935, -935, -935, -935, -935, -935, -965, -965, -965, -965, -965, -965, -965, -965, -965, -965, -960, -950, -965, -965, -965, -965, -965, -965, -965, -965, -965, -965, -965, -950, -950, -965, -965, -965, -965, -950, -950, -950, -950, -950, -950, -950, -950, -950, -950, -950, -950, -950, -950, -950, -950, -950, -950, -950, -950, -950, -950, -950, -950, -950, -950, -950, -950, -950, -950, -950, -950, -950, -950, -950, -950, -950, -950, -950, -940, -940, -940, -940, -940, -940, -940, -940, -940, -940, -940, -940, -940, -940, -940, -940, -940, -940, -940, -940, -940, -940, -940, -940, -940, -940, -940, -940, -940, -940, -935, -935, -935, -935, -935, -935, -935, -935, -935, -935, -935, -935, -935, -935, -935, -935, -935, -935, -935, -935, -935, -935, -935, -935, -935, -935, -935, -935, -935, -935, -935, -935, -935, -935, -935, -935, -935, -935, -935, -935, -935, -935, -935, -935, -935, -935, -935, -935, -935, -935, -935, -935, -935, -935, -935, -935, -935, -935, -935, -935, -935, -935, -935, -935, -935, -935, -935, -935, -935, -935, -935, -935, -935, -935, -935, -935, -935, -935, -935, -935, -935, -935, -935, -935, -935, -935, -935, -935, -935, -935, -935, -935, -935, -935, -935, -935, -935, -935, -935, -935, -935, -935, -935, -935, -935, -935, -935, -935, -935, -935, -935, -935, -935, -935, -935, -935, -935, -935, -935, -935, -935, -935, -935, -935, -935, -935, -935, -935, -935, -935, -935, -935, -935, -935, -935, -935, -935, -935, -935, -935, -935, -935, -935, -935, -935, -935, -935, -935, -935, -935, -935, -935, -935, -935, -935, -935, -935, -935, -935, -935, -935, -935, -935, -935, -935, -935, -935, -935, -935, -935, -935, -935, -935, -935, -935, -935, -935, -935, -935, -935, -935, -935, -935, -935, -935, -935, -935, -935, -935, -935, -935, -935, -935, -935, -935, -935, -935, -935, -935, -935, -935, -935, -935, -935, -935, -935, -935, -935, -935, -935, -935, -935, -935, -935, -935, -935, -935, -935, -935, -935, -935, -935, -935, -935, -935, -935, -935, -935, -935, -935, -935, -935, -935, -935, -935, -935, -935, -935, -935, -935, -935, -935, -935, -935, -935, -935, -935, -935, -935, -935, -935, -935, -935, -935, -935, -935, -935, -935, -935, -935, -935, -935, -935, -935, -935, -935, -935, -935, -935, -935, -935, -935, -935, -935, -935, -935, -935, -935, -935, -935, -935, -935, -935, -935, -935, -935, -935, -935, -935, -935, -935, -935, -935, -935, -935, -935, -935, -935, -935, -935, -935, -935, -935, -935, -935, -935, -935, -935, -935, -935, -935, -935, -935, -935, -935, -935, -935, -935, -935, -935, -935, -935, -935, -935, -935, -935, -935, -935, -935, -935, -935, -935, -935, -935, -935, -935, -935, -935, -935, -935, -935, -935, -935, -935, -935, -935, -935, -935, -935, -935, -935, -935, -935, -935, -935, -940, -940, -940, -940, -940, -935, -940, -940, -940, -940, -940, -940, -940, -940, -940, -940, -940, -940, -940, -940, -940, -940, -940, -940, -940, -940, -940, -940, -940, -940, -935, -935, -940, -940, -940, -940, -940, -940, -940, -940, -945, -950, -1044, -1044, -1044, -1061, -1066, -1066, -1044, -940, -1066, -1066, -1064, -1064, -940, -940, -940, -955, -950, -955, -955, -950, -950, -950, -955, -955, -955, -950, -950, -950, -950, -950, -950, -950, -950, -950, -955, -955, -955, -955, -955, -955, -955, -955, -955, -955, -940, -940, -940, -955, -955, -955, -955, -955, -955, -955, -955, -955, -955, -955, -955, -955, -955, -955, -955, -955, -950, -950, -950, -950, -935, -935, -935, -935, -935, -935, -935, -935, -935, -935, -935, -935, -935, -935, -935, -935, -935, -935, -935, -935, -935, -935, -935, -935, -935, -935, -935, -935, -935, -935, -935, -935, -935, -935, -935, -935, -935, -935, -935, -935, -935, -935, -935, -935, -935, -935, -935, -935, -935, -935, -935, -935, -935, -935, -935, -935, -935, -935, -935, -935, -935, -935, -935, -935, -935, -935, -935, -935, -935, -935, -935, -935, -935, -935, -935, -935, -935, -935, -935, -935, -935, -935, -935, -935, -935, -935, -935, -935, -935, -935, -935, -935, -935, -935, -935, -935, -935, -935, -935, -935, -935, -935, -935, -935, -935, -935, -935, -935, -935, -935, -935, -935, -935, -935, -935, -935, -935, -935, -935, -935, -935, -935, -935, -935, -935, -935, -935, -935, -935, -935, -935, -935, -935, -935, -935, -935, -935, -935, -935, -935, -955, -935, -935, -935, -935, -935, -935, -935, -935, -935, -935, -935, -935, -935, -935, -935, -935, -935, -935, -935, -935, -935, -935, -935, -935, -935, -935, -935, -935, -935, -935, -935, -935, -935, -935, -935, -935, -935, -935, -935, -935, -935, -935, -935, -935, -935, -935, -935, -935, -935, -935, -935, -935, -935, -935, -935, -935, -935, -935, -935, -935, -935, -935, -935, -935, -935, -935, -935, -935, -935, -935, -935, -935, -935, -935, -935, -935, -935, -935, -935, -935, -935, -935, -935, -935, -935, -935, -935, -935, -935, -935, -935, -935, -935, -935, -935, -935, -935, -950, -950, -950, -950, -950, -935, -935, -935, -935, -935, -935, -935, -935, -935, -935, -935, -935, -935, -935, -935, -935, -935, -935, -935, -935, -935, -935, -935, -935, -935, -935, -935, -935, -935, -935, -935, -935, -935, -935, -935, -935, -935, -935, -935, -935, -935, -935, -935, -935, -935, -935, -935, -935, -935, -935, -935, -935, -935, -935, -935, -935, -935, -935, -935, -935, -935, -935, -935, -935, -935, -935, -935, -935, -935, -935, -935, -935, -935, -935, -935, -935, -935, -935, -935, -935, -935, -935, -935, -935, -935, -935, -935, -935, -935, -935, -935, -935, -935, -935, -935, -935, -935, -935, -935, -935, -935, -935, -935, -935, -935, -935, -935, -935, -935, -935, -935, -935, -935, -935, -935, -935, -935, -935, -935, -935, -935, -935, -935, -935, -935, -935, -935, -935, -935, -935, -935, -935, -935, -935, -935, -935, -935, -935, -935, -935, -935, -935, -935, -935, -935, -935, -935, -935, -935, -935, -1005, -1005, -1005, -1005, -1005, -955, -955, -955, -1005, -1005, -1005, -1005, -990, -990, -990, -990, -985, -985, -985, -955, -955, -955, -955, -955, -955, -955, -955, -955, -955, -955, -955, -955, -955, -955, -960, -955, -960, -960, -960, -955, -955, -955, -955, -955, -955, -955, -955, -955, -955, -955, -955, -955, -955, -960, -960, -960, -960, -960, -960, -960, -955, -955, -955, -955, -955, -955, -955, -955, -955, -955, -955, -955, -955, -955, -955, -955, -955, -955, -955, -955, -955, -960, -960, -960, -960, -960, -960, -955, -955, -960, -960, -960, -960, -960, -960, -960, -960, -960, -960, -960, -960, -960, -960, -960, -960, -960, -960, -980, -980, -980, -980, -980, -960, -980, -980, -980, -980, -980, -980, -980, -980, -980, -980, -980, -980, -980, -980, -980, -980, -980, -960, -980, -980, -980, -995, -995, -995, -995, -995, -995, -995, -995, -995, -995, -995, -995, -995, -995, -995, -995, -995, -990, -990, -990, -990, -990, -990, -990, -990, -990, -990, -990, -990, -990, -990, -990, -990, -990, -990, -990, -990, -990, -990, -990, -990, -990, -990, -990, -990, -990, -990, -990, -990, -980, -975, -980, -980, -980, -980, -980, -980, -980, -980, -980, -980, -980, -980, -980, -980, -980, -980, -980, -980, -980, -980, -980, -980, -980, -980, -980, -980, -980, -980, -980, -980, -980, -980, -980, -980, -980, -980, -980, -980, -980, -980, -980, -980, -980, -980, -980, -980, -980, -980, -980, -980, -980, -980, -980, -980, -980, -980, -980, -980, -980, -980, -980, -980, -980, -980, -980, -980, -980, -980, -980, -980, -980, -980, -980, -980, -980, -980, -980, -980, -980, -980, -980, -980, -980, -980, -980, -980, -980, -980, -980, -980, -980, -980, -980, -980, -980, -980, -980, -980, -980, -980, -980, -980, -980, -980, -980, -980, -980, -980, -980, -980, -980, -980, -980, -980, -980, -980, -980, -980, -980, -965, -980, -980, -980, -980, -980, -980, -980, -980, -980, -980, -980, -980, -980, -980, -980, -980, -980, -980, -980, -980, -965, -965, -965, -965, -965, -965, -965, -965, -965, -965, -965, -965, -965, -965, -965, -965, -980, -980, -980, -980, -980, -980, -980, -980, -980, -980, -980, -980, -980, -980, -980, -980, -980, -980, -980, -980, -980, -980, -980, -980, -955, -955, -980, -950, -980, -950, -965, -970, -970, -970, -970, -970, -970, -970, -970, -970, -970, -970, -970, -970, -970, -970, -970, -970, -970, -970, -970, -970, -970, -970, -970, -970, -970, -970, -970, -970, -970, -970, -970, -970, -970, -970, -970, -970, -970, -970, -970, -970, -970, -960, -960, -960, -960, -960, -960, -960, -960, -960, -955, -955, -955, -955, -955, -960, -960, -960, -960, -960, -960, -960, -970, -970, -970, -970, -960, -970, -965, -965, -965, -965, -965, -965, -965, -965, -965, -965, -965, -965, -955, -955, -955, -955, -955, -965, -965, -960, -960, -965, -955, -955, -955, -955, -955, -955, -955, -955, -955, -955, -955, -955, -955, -955, -955, -955, -955, -955, -955, -955, -955, -955, -955, -955, -955, -935, -955, -955, -955, -955, -955, -955, -955, -955, -955, -955, -955, -955, -955, -955, -955, -955, -955, -955, -955, -955, -955, -955, -955, -955, -955, -955, -955, -955, -955, -955, -955, -955, -955, -955, -955, -955, -955, -955, -955, -955, -955, -955, -955, -955, -955, -955, -955, -955, -955, -955, -955, -955, -955, -955, -955, -955, -935, -935, -935, -935, -935, -935, -935, -935, -935, -935, -935, -935, -935, -935, -935, -935, -935, -935, -935, -935, -935, -935, -935, -935, -935, -935, -935, -935, -935, -935, -935, -935, -935, -935, -935, -935, -935, -935, -935, -935, -935, -935, -935, -935, -935, -935, -935, -935, -935, -935, -935, -935, -935, -935, -935, -935, -935, -935, -935, -935, -935, -935, -935, -935, -935, -935, -935, -935, -935, -935, -935, -935, -935, -935, -935, -935, -935, -935, -935, -935, -935, -935, -935, -935, -935, -935, -935, -935, -935, -935, -935, -935, -935, -935, -935, -935, -935, -935, -935, -935, -935, -935, -935, -935, -935, -935, -935, -935, -935, -935, -935, -935, -935, -935, -935, -935, -935, -935, -935, -935, -935, -935, -935, -935, -935, -935, -935, -935, -935, -935, -935, -935, -935, -935, -935, -935, -935, -935, -935, -935, -935, -935, -935, -935, -935, -935, -935, -935, -935, -935, -935, -935, -935, -935, -935, -935, -935, -935, -935, -935, -935, -935, -935, -935, -935, -935, -935, -935, -935, -935, -935, -935, -935, -935, -935, -935, -935, -935, -935, -935, -935, -935, -935, -935, -935, -935, -935, -935, -935, -935, -935, -935, -935, -935, -935, -935, -935, -935, -935, -935, -935, -935, -935, -935, -935, -935, -935, -935, -935, -935, -935, -935, -935, -935, -935, -935, -935, -935, -935, -935, -935, -935, -935, -935, -935, -935, -935, -935, -935, -935, -935, -935, -935, -935, -935, -935, -935, -935, -935, -935, -935, -935, -935, -935, -935, -935, -935, -935, -935, -935, -935, -935, -935, -935, -935, -935, -935, -935, -935, -935, -935, -935, -935, -935, -935, -935, -935, -935, -935, -935, -935, -935, -935, -935, -935, -935, -935, -935, -935, -935, -935, -935, -935, -935, -935, -935, -935, -935, -935, -935, -935, -935, -935, -935, -935, -935, -935, -935, -935, -935, -935, -935, -935, -935, -935, -935, -935, -935, -935, -935, -935, -935, -935, -935, -935, -935, -935, -935, -935, -935, -935, -935, -935, -935, -935, -935, -935, -935, -935, -935, -935, -935, -935, -935, -935, -935, -935, -935, -935, -935, -935, -935, -935, -935, -935, -935, -935, -935, -935, -935, -935, -935, -935, -935, -935, -935, -935, -935, -935, -935, -935, -935, -935, -935, -935, -935, -935, -935, -935, -935, -935, -935, -935, -935, -935, -935, -935, -935, -935, -935, -935, -935, -935, -935, -935, -935, -935, -935, -935, -935, -935, -935, -935, -935, -935, -935, -935, -935, -935, -935, -935, -935, -935, -1039, -1039, -1039, -1039, -1039, -1039, -1039, -1039, -1039, -1039, -1039, -1039, -1039, -1039, -1039, -1039, -1039, -1039, -1039, -1039, -935, -935, -935, -935, -935, -935, -935, -935, -935, -935, -935, -935, -935, -935, -935, -935, -935, -935, -935, -935, -935, -950, -940, -940, -940, -940, -940, -940, -940, -940, -940, -940, -940, -940, -940, -940, -940, -940, -940, -940, -940, -940, -940, -940, -935, -940, -940, -940, -940, -940, -940, -940, -940, -940, -940, -940, -940, -940, -940, -940, -940, -940, -940, -935, -935, -935, -935, -935, -935, -935, -935, -935, -940, -940, -940, -940, -940, -935, -935, -935, -935, -935, -935, -935, -935, -935, -935, -935, -935, -935, -935, -935, -935, -935, -935, -935, -935, -935, -935, -935, -935, -935, -935, -935, -935, -935, -935, -935, -935, -935, -935, -935, -935, -935, -935, -935, -935, -935, -935, -935, -935, -935, -935, -935, -935, -935, -935, -935, -935, -935, -935, -935, -935, -935, -935, -935, -935, -935, -935, -935, -935, -935, -935, -935, -935, -935, -935, -935, -935, -935, -935, -935, -935, -935, -935, -935, -935, -935, -935, -935, -935, -935, -935, -935, -935, -935, -935, -935, -935, -935, -935, -935, -935, -935, -935, -935, -935, -935, -935, -935, -935, -935, -935, -935, -935, -935, -935, -935, -935, -935, -935, -935, -935, -935, -935, -935, -935, -935, -935, -935, -935, -935, -935, -935, -935, -935, -935, -935, -935, -935, -935, -935, -935, -935, -935, -935, -935, -935, -935, -935, -935, -935, -935, -935, -935, -935, -935, -935, -935, -935, -935, -935, -935, -935, -935, -935, -935, -935, -935, -935, -935, -935, -935, -935, -935, -935, -935, -935, -935, -935, -935, -935, -935, -935, -935, -935, -935, -935, -935, -935, -935, -935, -935, -935, -935, -935, -935, -935, -935, -935, -935, -935, -935, -935, -935, -935, -935, -935, -935, -935, -935, -935, -935, -935, -935, -935, -935, -935, -935, -935, -935, -935, -935, -935, -935, -935, -935, -935, -935, -935, -935, -935, -935, -935, -935, -935, -935, -935, -935, -935, -935, -935, -935, -935, -935, -935, -935, -935, -935, -935, -935, -935, -935, -935, -935, -935, -935, -935, -935, -935, -935, -935, -935, -935, -935, -935, -935, -935, -935, -935, -935, -935, -935, -935, -935, -935, -935, -935, -935, -935, -935, -935, -935, -935, -935, -935, -935, -935, -935, -935, -935, -935, -935, -935, -935, -935, -935, -935, -935, -935, -935, -935, -935, -935, -935, -935, -935, -935, -935, -935, -935, -935, -935, -935, -935, -935, -935, -935, -935, -935, -935, -935, -935, -935, -935, -935, -935, -935, -935, -935, -935, -935, -935, -935, -935, -935, -935, -935, -935, -935, -935, -935, -935, -935, -935, -935, -935, -935, -935, -935, -935, -935, -935, -960, -1054, -1203, -1268, -1361, -1361, -1361, -1361, -1361, -1361, -1322, -1287, -1351, -1178, -1178, -1178, -1178, -1178, -1178, -1178, -1143, -1143, -1143, -1143, -945, -945, -945, -945, -935, -935, -935, -935, -935, -945, -945, -945, -945, -945, -945, -945, -945, -1158, -1158, -1158, -1138, -1158, -1158, -1158, -935, -935, -1158, -1178, -1066, -1066, -1066, -1066, -1066, -1066, -1066, -1066, -945, -945, -945, -945, -945, -1039, -1039, -1039, -1039, -1039, -1039, -1039, -1039, -1039, -1039, -935, -935, -935, -1039, -1039, -1039, -935, -1039, -1039, -1039, -1039, -1039, -1010, -1010, -975, -975, -975, -980, -980, -980, -945, -980, -980, -980, -980, -980, -970, -970, -970, -970, -970, -970, -970, -970, -970, -970, -970, -970, -970, -970, -970, -970, -970, -970, -970, -970, -970, -970, -970, -970, -970, -970, -970, -970, -970, -970, -970, -955, -955, -955, -955, -955, -955, -970, -970, -970, -970, -970, -970, -970, -970, -970, -970, -970, -970, -970, -970, -970, -970, -970, -970, -970, -970, -970, -970, -970, -970, -970, -970, -970, -985, -985, -985, -985, -985, -985, -985, -985, -985, -985, -985, -985, -985, -985, -985, -985, -985, -985, -985, -975, -975, -975, -975, -975, -975, -985, -985, -985, -985, -985, -985, -985, -985, -985, -985, -985, -985, -985, -985, -985, -985, -985, -985, -985, -985, -985, -985, -985, -985, -985, -985, -985, -985, -985, -985, -985, -985, -985, -985, -985, -985, -985, -985, -985, -985, -985, -985, -985, -985, -985, -985, -985, -985, -985, -985, -985, -985, -985, -985, -985, -985, -985, -985, -985, -985, -985, -985, -985, -985, -995, -995, -995, -985, -995, -985, -995, -995, -995, -980, -995, -995, -995, -995, -995, -995, -995, -995, -995, -995, -995, -995, -995, -995, -995, -995, -995, -995, -995, -995, -995, -995, -995, -995, -995, -995, -995, -995, -995, -995, -995, -995, -995, -995, -995, -995, -995, -995, -995, -995, -995, -980, -980, -995, -995, -980, -980, -980, -980, -980, -980, -980, -995, -995, -995, -995, -995, -995, -980, -980, -980, -980, -980, -980, -980, -980, -980, -980, -980, -980, -980, -980, -980, -980, -980, -980, -980, -980, -980, -980, -980, -980, -980, -980, -980, -980, -980, -980, -980, -975, -980, -980, -980, -980, -980, -980, -980, -980, -980, -980, -980, -980, -980, -980, -980, -980, -980, -980, -980, -980, -980, -980, -980, -980, -980, -980, -980, -980, -980, -980, -980, -980, -980, -980, -980, -980, -980, -980, -980, -980, -980, -980, -980, -980, -980, -980, -980, -980, -980, -980, -980, -980, -980, -980, -980, -980, -980, -980, -980, -980, -980, -980, -980, -980, -980, -980, -980, -980, -980, -980, -980, -980, -980, -980, -980, -980, -980, -980, -980, -980, -980, -980, -980, -980, -980, -980, -980, -980, -980, -980, -980, -980, -980, -980, -980, -980, -980, -980, -980, -980, -980, -980, -980, -980, -980, -980, -980, -980, -980, -980, -980, -980, -980, -980, -980, -980, -980, -980, -980, -980, -980, -980, -980, -980, -980, -980, -980, -980, -980, -980, -980, -980, -980, -980, -980, -980, -980, -980, -980, -980, -980, -980, -980, -980, -980, -980, -980, -980, -980, -980, -980, -980, -980, -980, -980, -980, -980, -980, -980, -980, -980, -980, -980, -980, -980, -980, -980, -980, -970, -980, -980, -980, -980, -980, -980, -980, -980, -980, -980, -980, -980, -980, -980, -980, -980, -980, -980, -980, -980, -980, -980, -980, -980, -980, -980]
