Selecci칩n Ruleta
Cruzamiento Uniforme 0.2
Mutaci칩n Gaussiana 0.2 0.9

Resultado obtenido en 12595 iteraciones.
Aptitud: -935
Mejor genotipo: [[[50],[0],[0],[0],[0]],[[100],[100],[0],[100],[100]],[[20],[60],[60],[60],[50]],[[0],[0],[0],[0],[100]],[[50],[50],[50],[50],[50]]]

Resultado obtenido en 12706 iteraciones.
Aptitud: -935
Mejor genotipo: [[[50],[0],[0],[0],[0]],[[100],[100],[0],[100],[100]],[[60],[60],[60],[60],[0]],[[0],[0],[100],[0],[0]],[[50],[50],[50],[50],[50]]]

Resultado obtenido en 14128 iteraciones.
Aptitud: -935
Mejor genotipo: [[[50],[0],[0],[0],[0]],[[100],[100],[0],[100],[100]],[[0],[60],[60],[60],[60]],[[0],[0],[100],[0],[0]],[[50],[50],[50],[50],[50]]]

Resultado obtenido en 14493 iteraciones.
Aptitud: -935
Mejor genotipo: [[[50],[0],[0],[0],[0]],[[100],[100],[0],[100],[100]],[[60],[60],[0],[60],[60]],[[0],[0],[100],[0],[0]],[[50],[50],[50],[50],[50]]]

Resultado obtenido en 15982 iteraciones.
Aptitud: -935
Mejor genotipo: [[[50],[0],[0],[0],[0]],[[100],[100],[0],[100],[100]],[[60],[60],[60],[0],[60]],[[100],[0],[0],[0],[0]],[[50],[50],[50],[50],[50]]]

Resultado obtenido en 17514 iteraciones.
Aptitud: -935
Mejor genotipo: [[[50],[0],[0],[0],[0]],[[100],[100],[0],[100],[100]],[[0],[60],[60],[60],[60]],[[100],[0],[0],[0],[0]],[[50],[50],[50],[50],[50]]]

Resultado obtenido en 13309 iteraciones.
Aptitud: -935
Mejor genotipo: [[[50],[0],[0],[0],[0]],[[100],[100],[0],[100],[100]],[[60],[60],[60],[60],[0]],[[0],[0],[100],[0],[0]],[[50],[50],[50],[50],[50]]]

Resultado obtenido en 12288 iteraciones.
Aptitud: -935
Mejor genotipo: [[[50],[0],[0],[0],[0]],[[100],[100],[0],[100],[100]],[[60],[15],[60],[55],[60]],[[0],[0],[100],[0],[0]],[[50],[50],[50],[50],[50]]]

Resultado obtenido en 16146 iteraciones.
Aptitud: -935
Mejor genotipo: [[[50],[0],[0],[0],[0]],[[100],[100],[0],[100],[100]],[[60],[60],[60],[0],[60]],[[0],[0],[100],[0],[0]],[[50],[50],[50],[50],[50]]]

Resultado obtenido en 11541 iteraciones.
Aptitud: -935
Mejor genotipo: [[[50],[0],[0],[0],[0]],[[100],[100],[0],[100],[100]],[[60],[60],[60],[60],[0]],[[0],[0],[100],[0],[0]],[[50],[50],[50],[50],[50]]]

La cantidad promedio de iteraciones fueron 14070.2 y la m치xima fue de 17514
Hubieron 10 resultado(s) con el valor de aptitud -935, que fue el mas alto.
La menor cantidad de iteraciones para llegar al mejor resultado fue de 11541. El genotipo fue:
[[[50],[0],[0],[0],[0]],[[100],[100],[0],[100],[100]],[[60],[60],[60],[60],[0]],[[0],[0],[100],[0],[0]],[[50],[50],[50],[50],[50]]]

Los datos de aptitud por iteraci칩n son:
[-506232, -505904, -505537, -404847, -404847, -404199, -303802, -304290, -304300, -303604, -303604, -303604, -303515, -303517, -303303, -204554, -204554, -204386, -204502, -204502, -203575, -203575, -203575, -203763, -203465, -203273, -203273, -203041, -103324, -103324, -103543, -102910, -102910, -102910, -102910, -102732, -102732, -102442, -102732, -102732, -102577, -102495, -102717, -102499, -102409, -102182, -102112, -102112, -102078, -102092, -102092, -102092, -102092, -102092, -102092, -102092, -101760, -101998, -102092, -101978, -101896, -101800, -101800, -101800, -101740, -101740, -101740, -101433, -101433, -101433, -101433, -101433, -101433, -101433, -101433, -101433, -101433, -101433, -101433, -101349, -101349, -101433, -101433, -101378, -101378, -101378, -101378, -101378, -101378, -101378, -101230, -101230, -101230, -101230, -101170, -101230, -101230, -101230, -101230, -101230, -101230, -101230, -101230, -101230, -101230, -101230, -101265, -101230, -101265, -101265, -101265, -101220, -101205, -101205, -101205, -101205, -101205, -101205, -101205, -101175, -101175, -101175, -101175, -101175, -101175, -101175, -101175, -101175, -101175, -101175, -101175, -101175, -101175, -101175, -101175, -101175, -101175, -101175, -101175, -101175, -101175, -101165, -101175, -101175, -101175, -101175, -101175, -101175, -101165, -101175, -101175, -2687, -2687, -2687, -2301, -2301, -2180, -2180, -2180, -2061, -2061, -2061, -1998, -1998, -1961, -1705, -1705, -1879, -1879, -1853, -1879, -1879, -1874, -1874, -1780, -1770, -1770, -1770, -1760, -1567, -1760, -1686, -1686, -1686, -1468, -1468, -1468, -1468, -1468, -1261, -1261, -1261, -1261, -1266, -1458, -1458, -1301, -1301, -1301, -1301, -1301, -1468, -1468, -1458, -1170, -1458, -1372, -1372, -1372, -1458, -1458, -1458, -1458, -1458, -1286, -1125, -1286, -1286, -1286, -1286, -1286, -1224, -1224, -1209, -1355, -1355, -1340, -1340, -1286, -1286, -1286, -1286, -1286, -1286, -1286, -1286, -1286, -1286, -1286, -1286, -1286, -1286, -1286, -1286, -1286, -1286, -1286, -1286, -1286, -1281, -1281, -1281, -1281, -1276, -1276, -1256, -1256, -1256, -1256, -1276, -1276, -1276, -1276, -1276, -1276, -1276, -1271, -1276, -1276, -1240, -1276, -1276, -1276, -1276, -1276, -1276, -1276, -1276, -1276, -1276, -1276, -1271, -1271, -1271, -1271, -1271, -1271, -1259, -1259, -1271, -1271, -1271, -1271, -1271, -1271, -1271, -1276, -1205, -1205, -1205, -1205, -1205, -1205, -1276, -1276, -1276, -1276, -1276, -1145, -1145, -1145, -1145, -1276, -1256, -1256, -1125, -1125, -1125, -1125, -1120, -1120, -1120, -1120, -1120, -1110, -1110, -1110, -1090, -1110, -1115, -1115, -1085, -1085, -1085, -1115, -1120, -1120, -1120, -1120, -1120, -1115, -1115, -1090, -1090, -1115, -1100, -1100, -1100, -1100, -1100, -1100, -1100, -1120, -1120, -1120, -1100, -1110, -1100, -1100, -1100, -1100, -1100, -1100, -1100, -1100, -1100, -1100, -1100, -1100, -1100, -1100, -1100, -1100, -1100, -1100, -1080, -1080, -1070, -1070, -1070, -1070, -1070, -1070, -1070, -1070, -1070, -1070, -1070, -1070, -1070, -1070, -1070, -1070, -1070, -1070, -1070, -1035, -1065, -1070, -1070, -1070, -1070, -1050, -1050, -1050, -1050, -1050, -1050, -1050, -1050, -1050, -1050, -1050, -1050, -1050, -1050, -1045, -1045, -1045, -1045, -1040, -1040, -1040, -1040, -1035, -1035, -1040, -1040, -1040, -1040, -1040, -1040, -1040, -1035, -1035, -1035, -1035, -1035, -1035, -1035, -1035, -1035, -1035, -1035, -1035, -1035, -1035, -1030, -1035, -1035, -1035, -1035, -1035, -1035, -1035, -1035, -1035, -1035, -1030, -1030, -1035, -1035, -1035, -1035, -1035, -1035, -1035, -1035, -1035, -1030, -1030, -1030, -1030, -1030, -1030, -1030, -1030, -1030, -1030, -1030, -1030, -1030, -1030, -1030, -1030, -1030, -1030, -1030, -1030, -1030, -1030, -1030, -1030, -1030, -1030, -1030, -1025, -1030, -1030, -1030, -1030, -1030, -1030, -1030, -1030, -1030, -1030, -1030, -1030, -1025, -1025, -1025, -1030, -1030, -1030, -1030, -1030, -1030, -1030, -1025, -1025, -1025, -1025, -1025, -1030, -1030, -1030, -1030, -1030, -1020, -1030, -1030, -1030, -1030, -1030, -1030, -1030, -1030, -1030, -1030, -1030, -1025, -1025, -1025, -1025, -1025, -1025, -1030, -1030, -1030, -1030, -1030, -1030, -1030, -1030, -1030, -1030, -1030, -1030, -1030, -1030, -1030, -1030, -1030, -1030, -1030, -1030, -1030, -1030, -1030, -1030, -1030, -1030, -1030, -1030, -1030, -1030, -1030, -1030, -1030, -1045, -1045, -1233, -1332, -1268, -1268, -1268, -1268, -1268, -1258, -1030, -1030, -1030, -1030, -1035, -1035, -1035, -1035, -1035, -1030, -1025, -1025, -1035, -1035, -1035, -1020, -1035, -1035, -1035, -1035, -1035, -1035, -1035, -1035, -1035, -1035, -1035, -1030, -1035, -1035, -1035, -1035, -1035, -1035, -1035, -1035, -1035, -1035, -1035, -1035, -1035, -1035, -1035, -1035, -1030, -1035, -1035, -1035, -1035, -1035, -1035, -1035, -1035, -1030, -1030, -1030, -1030, -1030, -1030, -1030, -1035, -1035, -1035, -1035, -1035, -1035, -1035, -1035, -1030, -1035, -1035, -1035, -1144, -1030, -1030, -1030, -1030, -1144, -1144, -1144, -1040, -1040, -1144, -1144, -1144, -1144, -1144, -1144, -1144, -1144, -1144, -1144, -1144, -1144, -1144, -1144, -1035, -1035, -1144, -1144, -1144, -1144, -1144, -1144, -1144, -1144, -1144, -1055, -1144, -1144, -1184, -1184, -1184, -1100, -1100, -1184, -1184, -1184, -1184, -1060, -1030, -1164, -1184, -1184, -1184, -1184, -1184, -1184, -1184, -1184, -1184, -1184, -1184, -1090, -1090, -1090, -1184, -1090, -1090, -1090, -1090, -1184, -1184, -1184, -1184, -1184, -1184, -1184, -1184, -1130, -1184, -1184, -1184, -1184, -1184, -1184, -1184, -1149, -1149, -1149, -1085, -1085, -1184, -1184, -1125, -1125, -1125, -1184, -1184, -1184, -1184, -1184, -1184, -1184, -1184, -1184, -1184, -1184, -1184, -1184, -1184, -1184, -1184, -1184, -1184, -1184, -1184, -1184, -1184, -1184, -1184, -1120, -1120, -1120, -1120, -1120, -1120, -1120, -1120, -1120, -1120, -1120, -1120, -1120, -1120, -1120, -1120, -1120, -1120, -1120, -1120, -1120, -1120, -1120, -1120, -1120, -1120, -1120, -1120, -1070, -1070, -1070, -1070, -1070, -1070, -1070, -1070, -1110, -1110, -1110, -1055, -1055, -1055, -1055, -1055, -1055, -1055, -1055, -1055, -1055, -1055, -1055, -1055, -1055, -1055, -1050, -1055, -1055, -1055, -1055, -1055, -1050, -1050, -1050, -1050, -1020, -1020, -1050, -1050, -1050, -1050, -1050, -1050, -1050, -1050, -1055, -1055, -1055, -1055, -1055, -1055, -1055, -1025, -1025, -1025, -1025, -1025, -1025, -1025, -1025, -1025, -1025, -1025, -1025, -1025, -1025, -1025, -1025, -1025, -1025, -1025, -1025, -1025, -1025, -1025, -1025, -1025, -1025, -1025, -1025, -1025, -1020, -1025, -1025, -1025, -1025, -1025, -1025, -1025, -1025, -1025, -1025, -1025, -1025, -1025, -1025, -1025, -1025, -1025, -1025, -1025, -1025, -1025, -1025, -1025, -1025, -1025, -1025, -1025, -1025, -1025, -1025, -1025, -1025, -1025, -1025, -1025, -1025, -1025, -1025, -1025, -1025, -1025, -1025, -1025, -1025, -1025, -1025, -1025, -1025, -1025, -1025, -1025, -1025, -1025, -1025, -1025, -1025, -1025, -1025, -1025, -1025, -1025, -1025, -1025, -1025, -1025, -1025, -1025, -1025, -1025, -1025, -1025, -1025, -1025, -1025, -1025, -1025, -1025, -1025, -1025, -1025, -1025, -1025, -1025, -1025, -1025, -1025, -1025, -1025, -1025, -1025, -1025, -1025, -1025, -1020, -1020, -1020, -1025, -980, -1025, -1025, -1025, -1025, -1025, -1025, -1025, -1025, -1025, -1025, -1025, -1025, -1025, -1025, -1025, -1461, -1268, -1268, -1268, -1268, -1268, -1268, -1268, -1268, -1268, -1268, -1268, -1268, -1268, -1268, -1268, -1268, -1268, -1268, -1253, -1253, -1139, -1253, -1253, -1253, -1253, -1154, -1253, -1253, -1253, -1253, -1253, -1253, -1253, -1253, -1149, -1253, -1253, -1253, -1253, -1169, -1253, -1253, -1253, -1253, -1253, -1253, -1253, -1253, -1154, -1154, -1154, -1154, -1154, -1154, -1154, -1154, -1154, -1154, -1154, -1154, -1154, -1154, -1154, -1154, -1070, -1070, -1154, -1154, -1154, -1154, -1154, -1154, -1154, -1154, -1154, -1154, -1154, -1154, -1154, -1154, -1154, -1154, -1154, -1154, -1154, -1154, -1154, -1154, -1149, -1154, -1174, -1278, -1278, -1278, -1278, -1278, -1278, -1278, -1278, -1278, -1278, -1278, -1278, -1263, -1278, -1273, -1273, -1253, -1253, -1283, -1288, -1288, -1288, -1288, -1283, -1169, -1169, -1169, -1169, -1169, -1169, -1169, -1392, -1466, -1466, -1466, -1174, -1466, -1427, -1427, -1427, -1303, -1214, -1179, -1179, -1179, -1179, -1179, -1179, -1174, -1174, -1174, -1179, -1285, -1260, -1260, -1260, -1219, -1174, -1174, -1159, -1159, -1250, -1250, -1250, -1250, -1250, -1245, -1245, -1245, -1245, -1245, -1245, -1245, -1245, -1245, -1245, -1245, -1245, -1131, -1131, -1131, -1131, -1131, -1131, -1131, -1131, -1131, -1131, -1131, -1131, -1131, -1131, -1131, -1131, -1131, -1131, -1131, -1131, -1131, -1530, -1530, -1530, -1457, -1327, -1327, -1327, -1166, -1327, -1327, -1327, -1327, -1327, -1312, -1312, -1312, -1312, -1312, -1312, -1312, -1312, -1312, -1312, -1312, -1307, -1272, -1272, -1272, -1272, -1272, -1124, -1124, -1124, -1124, -1124, -1124, -1124, -1124, -1124, -1124, -1124, -1124, -1124, -1124, -1081, -1081, -1081, -1441, -1441, -1441, -1441, -1441, -1441, -1233, -1441, -1441, -1441, -1441, -1327, -1327, -1233, -1233, -1119, -1119, -1119, -1119, -1005, -1005, -1005, -1005, -1005, -1005, -975, -975, -975, -975, -975, -975, -985, -985, -985, -985, -985, -985, -985, -985, -985, -980, -985, -985, -985, -985, -985, -985, -985, -985, -985, -985, -985, -985, -985, -985, -985, -985, -985, -985, -985, -985, -985, -985, -985, -985, -985, -985, -985, -985, -985, -985, -985, -980, -980, -985, -985, -985, -985, -985, -985, -985, -985, -985, -985, -985, -985, -985, -985, -985, -985, -985, -985, -970, -985, -985, -985, -985, -985, -985, -985, -985, -980, -980, -980, -980, -985, -985, -985, -985, -985, -985, -985, -985, -985, -985, -985, -985, -985, -985, -970, -970, -985, -985, -985, -985, -985, -985, -985, -985, -985, -985, -985, -985, -985, -985, -985, -985, -985, -985, -985, -985, -985, -985, -985, -985, -985, -985, -985, -985, -985, -985, -985, -985, -985, -985, -985, -985, -985, -985, -985, -985, -985, -985, -1208, -1208, -1416, -985, -1416, -1416, -1362, -1362, -1362, -1362, -1362, -1362, -1362, -1362, -1362, -1198, -1198, -1159, -1159, -990, -990, -990, -1159, -1154, -1159, -1159, -1149, -1159, -1159, -1119, -1040, -1040, -1119, -1119, -1149, -1149, -1109, -1109, -1109, -1109, -1015, -1015, -1000, -1000, -1000, -1000, -1000, -1000, -1015, -1109, -1109, -1109, -1109, -1109, -1109, -1109, -1109, -1109, -1109, -1109, -1109, -1109, -1109, -1109, -1109, -1104, -1104, -1104, -1104, -1104, -1109, -1025, -1025, -1109, -1109, -1109, -1109, -1109, -1109, -1109, -1000, -1000, -1000, -1000, -1000, -1000, -1000, -1000, -980, -975, -975, -975, -975, -975, -975, -975, -975, -975, -975, -975, -975, -975, -975, -975, -975, -975, -975, -975, -975, -975, -975, -975, -975, -975, -975, -975, -975, -975, -975, -975, -975, -975, -975, -975, -975, -975, -975, -975, -975, -975, -975, -975, -975, -975, -975, -935, -975, -975, -975, -975, -975, -975, -975, -975, -975, -975, -975, -975, -975, -975, -975, -975, -975, -975, -975, -975, -975, -975, -975, -975, -975, -975, -975, -975, -975, -975, -975, -975, -975, -975, -975, -975, -975, -975, -975, -975, -975, -975, -975, -975, -975, -975, -975, -975, -975, -975, -975, -975, -975, -975, -975, -975, -975, -975, -975, -975, -975, -975, -975, -975, -975, -975, -975, -975, -975, -975, -975, -975, -975, -945, -945, -945, -945, -945, -945, -945, -945, -945, -945, -985, -985, -975, -975, -975, -975, -975, -975, -975, -975, -975, -975, -975, -935, -975, -975, -985, -985, -985, -975, -975, -975, -975, -985, -975, -975, -975, -975, -975, -985, -975, -975, -975, -975, -975, -975, -975, -975, -975, -975, -975, -975, -975, -955, -955, -955, -955, -975, -975, -975, -975, -975, -975, -975, -975, -975, -975, -975, -975, -975, -975, -975, -975, -975, -975, -970, -975, -975, -975, -975, -975, -975, -975, -975, -975, -975, -975, -975, -975, -970, -970, -975, -975, -975, -975, -975, -975, -975, -975, -975, -975, -975, -975, -975, -975, -975, -975, -975, -975, -975, -975, -975, -975, -990, -990, -990, -990, -990, -990, -990, -990, -990, -990, -990, -990, -990, -990, -990, -990, -990, -990, -990, -990, -990, -990, -990, -990, -990, -990, -990, -990, -990, -990, -990, -990, -990, -990, -990, -990, -990, -990, -990, -990, -990, -975, -975, -975, -975, -975, -975, -975, -975, -975, -1198, -1134, -1213, -1213, -1069, -1069, -1076, -1076, -1076, -1076, -1076, -1076, -1076, -1076, -980, -975, -1076, -1076, -1076, -1076, -1076, -1076, -1076, -1076, -980, -980, -980, -980, -980, -980, -980, -980, -1010, -1010, -1010, -1010, -1010, -1010, -1010, -1010, -1010, -1010, -1010, -1010, -1076, -1076, -1076, -1076, -1076, -1076, -1076, -1076, -1076, -1119, -1119, -1119, -1119, -1119, -1084, -1084, -1119, -1119, -1119, -1119, -1119, -1119, -1119, -1119, -1119, -1119, -1119, -1119, -1020, -1119, -1109, -1109, -1109, -1109, -1109, -1109, -1109, -1109, -1109, -1109, -1109, -1104, -1109, -1109, -1119, -1119, -1119, -1119, -1099, -1099, -1099, -1099, -1099, -1005, -995, -995, -985, -985, -985, -985, -995, -995, -995, -995, -975, -995, -995, -995, -995, -995, -995, -995, -1005, -1005, -1005, -1005, -1005, -1089, -1074, -1074, -970, -970, -970, -985, -985, -980, -980, -1005, -1000, -980, -980, -1010, -1010, -1010, -1010, -1010, -1180, -1180, -1076, -1104, -1089, -1076, -1076, -1076, -1076, -1076, -1076, -1076, -1076, -1076, -1076, -1076, -1076, -1076, -1076, -1076, -1076, -1076, -1076, -1076, -1076, -1076, -1061, -1061, -1061, -1061, -1061, -970, -1061, -1061, -1061, -1061, -1061, -1061, -1061, -1061, -1061, -1061, -1061, -1061, -1061, -1061, -1061, -1061, -1061, -1061, -1061, -1061, -1061, -1061, -1061, -1061, -1061, -1061, -1061, -1061, -1061, -1061, -1061, -1035, -1035, -1061, -970, -970, -970, -970, -970, -970, -970, -970, -970, -970, -970, -970, -970, -970, -970, -970, -970, -970, -970, -970, -970, -960, -960, -960, -970, -970, -970, -970, -970, -970, -970, -970, -970, -970, -975, -975, -975, -975, -975, -975, -975, -970, -970, -975, -975, -975, -975, -980, -980, -980, -960, -960, -960, -960, -960, -970, -970, -970, -970, -970, -970, -970, -970, -970, -970, -970, -970, -970, -970, -950, -950, -950, -950, -950, -950, -970, -970, -970, -970, -970, -970, -970, -970, -970, -970, -970, -970, -970, -970, -970, -970, -970, -970, -970, -970, -970, -970, -970, -970, -970, -970, -970, -970, -970, -970, -970, -970, -970, -970, -970, -970, -970, -970, -970, -970, -970, -970, -970, -970, -970, -970, -965, -965, -965, -965, -965, -965, -950, -950, -950, -950, -950, -950, -950, -950, -950, -950, -950, -950, -950, -950, -950, -950, -950, -950, -950, -950, -950, -950, -950, -950, -950, -950, -950, -940, -940, -950, -970, -970, -950, -970, -960, -970, -970, -970, -970, -970, -970, -970, -970, -970, -970, -970, -970, -970, -970, -970, -970, -970, -970, -970, -970, -970, -970, -970, -970, -970, -970, -955, -955, -970, -970, -970, -970, -970, -970, -970, -970, -970, -970, -970, -970, -970, -970, -970, -970, -970, -970, -970, -970, -970, -970, -970, -970, -970, -970, -970, -970, -970, -970, -970, -970, -970, -970, -970, -970, -970, -970, -970, -970, -955, -955, -955, -970, -970, -955, -955, -955, -955, -955, -955, -955, -955, -955, -955, -955, -955, -955, -955, -955, -955, -955, -955, -955, -955, -955, -955, -955, -970, -970, -955, -955, -955, -955, -955, -955, -960, -960, -960, -960, -960, -960, -965, -960, -965, -960, -965, -965, -955, -955, -965, -955, -955, -955, -960, -965, -965, -965, -965, -965, -965, -965, -965, -960, -965, -965, -965, -965, -965, -965, -965, -955, -950, -950, -950, -950, -950, -965, -965, -965, -965, -965, -965, -965, -965, -965, -965, -965, -965, -965, -950, -950, -950, -950, -945, -945, -945, -945, -950, -950, -945, -945, -945, -945, -945, -940, -940, -940, -945, -945, -940, -940, -940, -940, -940, -940, -940, -940, -940, -940, -940, -935, -935, -935, -935, -935, -935, -940, -940, -940, -940, -940, -940, -940, -940, -1158, -1158, -1158, -1158, -1158, -1158, -1158, -1158, -1158, -1153, -1153, -1158, -1158, -1158, -955, -1158, -1084, -1084, -1084, -1084, -1084, -1084, -1084, -1084, -1084, -1084, -1084, -1084, -1084, -1084, -1084, -1084, -1084, -1084, -1084, -1084, -1084, -1084, -965, -1084, -1084, -1084, -1084, -1084, -1084, -1084, -1084, -1084, -980, -980, -980, -1059, -1059, -1059, -1059, -1059, -1059, -1059, -1059, -1059, -1059, -1059, -1059, -1059, -1059, -1059, -1059, -1059, -1059, -1059, -1059, -1059, -1059, -1059, -1059, -1059, -1059, -1059, -1059, -1059, -1059, -1059, -1059, -1059, -1059, -1059, -1059, -1059, -1054, -1054, -1054, -1054, -1054, -960, -960, -960, -960, -960, -960, -960, -960, -960, -960, -945, -945, -960, -960, -960, -960, -960, -960, -960, -960, -960, -960, -960, -960, -960, -960, -960, -960, -960, -960, -960, -960, -960, -960, -960, -960, -960, -960, -960, -960, -960, -960, -960, -960, -960, -960, -960, -960, -960, -950, -950, -950, -950, -950, -950, -950, -950, -950, -950, -950, -950, -950, -950, -950, -950, -950, -950, -950, -950, -950, -950, -950, -950, -950, -950, -950, -950, -950, -950, -950, -940, -940, -940, -940, -940, -940, -940, -940, -940, -940, -940, -940, -940, -940, -940, -940, -940, -940, -940, -940, -940, -940, -940, -940, -940, -940, -940, -940, -940, -940, -940, -935, -940, -940, -940, -940, -940, -940, -940, -940, -940, -940, -940, -940, -940, -940, -940, -940, -940, -940, -940, -1074, -955, -1074, -1074, -1074, -1074, -1074, -975, -975, -975, -975, -975, -975, -975, -975, -970, -975, -975, -975, -975, -975, -975, -945, -945, -945, -945, -945, -945, -945, -945, -945, -945, -945, -945, -945, -1064, -1074, -1074, -1074, -1074, -1074, -1074, -1074, -1074, -1069, -1069, -1069, -1069, -1069, -1069, -1069, -1069, -1069, -990, -990, -1059, -960, -960, -960, -960, -1054, -950, -1054, -1054, -1054, -1054, -1054, -1054, -1054, -1054, -1054, -1054, -1054, -1054, -1054, -1054, -1054, -1054, -1054, -1054, -1391, -1391, -1391, -1153, -1054, -1153, -1391, -1178, -1178, -1178, -1178, -1178, -1178, -1178, -1178, -1178, -1178, -1178, -1178, -1178, -1178, -1178, -970, -970, -970, -985, -1178, -1178, -1178, -1178, -1178, -1178, -1074, -1074, -1074, -1074, -1074, -1074, -1069, -1069, -1074, -1074, -1074, -985, -985, -985, -985, -985, -985, -970, -970, -985, -985, -985, -985, -985, -985, -985, -985, -985, -985, -985, -985, -985, -985, -985, -985, -985, -985, -985, -985, -985, -985, -985, -985, -985, -985, -985, -985, -985, -985, -985, -985, -985, -985, -985, -985, -985, -985, -985, -985, -985, -985, -985, -985, -970, -985, -985, -985, -985, -985, -985, -985, -985, -985, -985, -985, -985, -985, -985, -985, -1040, -1040, -1050, -1050, -1050, -1050, -1050, -1050, -1050, -1050, -1070, -1065, -1065, -1065, -1065, -1065, -1050, -1050, -1050, -1050, -1050, -1050, -1050, -1025, -1025, -1050, -1050, -1050, -1050, -1050, -1050, -1050, -1050, -1050, -1050, -1050, -1050, -1040, -1050, -1050, -1050, -1050, -1050, -1050, -1050, -1050, -1050, -1050, -1050, -1050, -1050, -1050, -1050, -1050, -1050, -1050, -1040, -1040, -1040, -1040, -1040, -1040, -1040, -1040, -1040, -1040, -1040, -1040, -1040, -1040, -1040, -1040, -1040, -1040, -1040, -1040, -1040, -1040, -1040, -1040, -1040, -1040, -1040, -1040, -1030, -1030, -1030, -1030, -1030, -1030, -1005, -1005, -1005, -1005, -1005, -1005, -1005, -995, -995, -1030, -1030, -1030, -1030, -1030, -1030, -1030, -1030, -1030, -1020, -1020, -1030, -1030, -1030, -1030, -1030, -1030, -1030, -1030, -1030, -1030, -1030, -1030, -1030, -1030, -1030, -1030, -1030, -1030, -1030, -1030, -1030, -1030, -1030, -1030, -1030, -1030, -1030, -1030, -1020, -1015, -1015, -1020, -1020, -1020, -1020, -1020, -1020, -1030, -1030, -1030, -1030, -1030, -1030, -1030, -1030, -1030, -1030, -1030, -1030, -1030, -1030, -1030, -1025, -1025, -1030, -1030, -1030, -1030, -1030, -1030, -1030, -1030, -1030, -1030, -1030, -1030, -1030, -1005, -1005, -1005, -1030, -1030, -1030, -1030, -1030, -1030, -1030, -1030, -1030, -1025, -1025, -1030, -1030, -1030, -1030, -1030, -1030, -1030, -1030, -1030, -1030, -1030, -1030, -1030, -1030, -1030, -1030, -1030, -1030, -1030, -1030, -1030, -1030, -1030, -1030, -1030, -1030, -1030, -1030, -1030, -1030, -1030, -1030, -1030, -1030, -1030, -1030, -1134, -1065, -1144, -1144, -1154, -1040, -1040, -1040, -1139, -1139, -1154, -1055, -1055, -1154, -1154, -1159, -1159, -1159, -1159, -1129, -1159, -1129, -1124, -1124, -1124, -1159, -1159, -1159, -1159, -1159, -1040, -1040, -1040, -1040, -1040, -1040, -1040, -1040, -1040, -1030, -1030, -1010, -1010, -1030, -1030, -1030, -1030, -1015, -1015, -1015, -1015, -1015, -1015, -995, -1015, -1015, -1015, -1015, -1015, -1015, -1015, -1015, -1015, -1015, -1015, -1015, -1015, -1015, -1015, -1045, -1045, -1015, -1015, -1015, -1015, -1015, -1015, -1015, -1015, -1015, -1015, -1015, -1126, -1126, -1010, -1010, -1010, -1198, -1302, -1302, -1302, -1302, -1302, -1302, -1302, -1302, -1302, -1203, -1193, -1193, -1193, -1193, -1302, -1302, -1302, -1302, -1302, -1302, -1302, -1302, -1302, -1302, -1302, -1302, -1302, -1302, -1124, -1010, -1099, -1099, -1099, -990, -1099, -1099, -1099, -1099, -1099, -1099, -1099, -1000, -1000, -1000, -1000, -1000, -1094, -1094, -1094, -1094, -1094, -1094, -1099, -1099, -1099, -1099, -1099, -1099, -1099, -1099, -995, -1010, -1099, -1099, -1089, -1089, -1089, -1089, -1084, -1089, -1089, -1089, -1089, -1089, -1089, -1089, -1089, -1089, -1089, -1089, -1089, -1089, -1089, -1089, -1084, -1084, -1084, -1084, -1089, -1089, -1089, -1089, -1089, -1089, -1079, -1079, -1079, -1079, -1089, -1089, -1079, -1079, -1079, -1089, -1089, -1089, -1089, -1089, -1089, -1089, -1089, -1089, -1089, -1089, -1089, -1193, -1193, -1193, -1193, -1089, -1203, -1089, -1089, -1089, -1203, -1203, -1203, -1104, -1203, -1203, -1203, -1203, -1203, -1203, -1203, -1203, -1203, -1203, -1203, -1203, -1198, -1188, -1188, -1188, -1119, -1119, -1119, -1119, -1119, -1119, -1119, -1119, -1119, -1119, -1119, -1119, -1045, -975, -975, -1045, -1089, -1089, -1089, -1119, -1119, -1114, -1114, -1119, -1119, -1119, -1020, -1020, -1119, -1119, -1089, -1089, -1089, -1010, -1010, -1010, -1010, -1010, -1010, -1010, -1010, -1010, -1010, -1010, -1010, -1010, -1010, -1010, -1010, -1010, -1010, -1010, -1010, -1005, -1005, -1005, -1010, -1010, -1010, -1005, -1010, -1010, -1010, -1010, -1005, -1010, -1005, -1005, -1005, -1005, -1010, -1010, -1010, -1010, -1010, -1010, -1010, -1010, -1010, -1010, -1010, -1010, -1010, -1010, -1010, -1010, -1005, -1005, -1005, -1005, -1005, -1005, -1005, -1005, -1005, -1005, -1005, -1005, -1005, -1005, -1005, -1005, -1005, -1005, -1005, -1005, -1000, -1000, -1000, -1000, -1000, -1000, -1000, -1000, -1000, -1000, -1000, -1000, -1000, -1000, -1000, -1000, -1000, -1000, -1000, -1000, -1000, -1000, -1000, -970, -1000, -975, -975, -975, -975, -1000, -1000, -1005, -1121, -1121, -1121, -970, -970, -970, -970, -970, -970, -970, -970, -970, -970, -970, -970, -970, -970, -970, -960, -960, -960, -960, -960, -960, -960, -960, -960, -960, -970, -970, -970, -970, -970, -970, -970, -970, -970, -970, -970, -980, -1000, -1025, -1025, -1025, -1025, -1025, -985, -985, -985, -985, -985, -985, -985, -985, -985, -985, -985, -985, -985, -985, -960, -985, -985, -985, -985, -985, -985, -985, -960, -960, -985, -985, -960, -960, -960, -960, -960, -960, -985, -985, -985, -960, -960, -960, -960, -960, -960, -960, -960, -960, -960, -960, -960, -960, -960, -960, -960, -960, -960, -960, -960, -960, -960, -960, -945, -960, -960, -960, -960, -960, -960, -960, -960, -960, -960, -960, -960, -960, -960, -960, -960, -960, -960, -960, -960, -960, -960, -960, -960, -960, -960, -960, -960, -960, -960, -960, -960, -960, -960, -960, -960, -960, -960, -960, -960, -960, -960, -960, -960, -960, -950, -950, -950, -950, -950, -950, -950, -950, -950, -950, -950, -950, -950, -950, -950, -945, -945, -950, -950, -935, -935, -935, -935, -935, -935, -935, -935, -935, -935, -935, -935, -935, -935, -935, -935, -935, -935, -935, -935, -935, -935, -935, -935, -935, -935, -935, -935, -935, -935, -935, -935, -935, -935, -935, -935, -935, -935, -935, -935, -935, -935, -935, -935, -935, -935, -935, -935, -935, -935, -935, -935, -935, -935, -935, -935, -935, -935, -935, -935, -935, -935, -935, -935, -935, -935, -935, -935, -935, -935, -935, -935, -935, -935, -935, -935, -935, -935, -935, -935, -935, -935, -935, -935, -935, -935, -935, -935, -935, -935, -935, -935, -935, -975, -975, -975, -975, -975, -975, -975, -975, -975, -975, -975, -975, -975, -975, -975, -975, -975, -945, -975, -975, -975, -975, -975, -975, -975, -975, -975, -975, -975, -975, -975, -975, -975, -975, -975, -975, -975, -975, -975, -975, -975, -975, -975, -975, -975, -975, -975, -975, -975, -975, -975, -975, -975, -975, -975, -975, -975, -975, -975, -975, -975, -975, -975, -975, -975, -975, -975, -975, -975, -975, -975, -975, -975, -975, -975, -975, -975, -975, -975, -975, -975, -975, -975, -975, -975, -975, -975, -975, -975, -975, -975, -975, -975, -975, -975, -975, -975, -975, -975, -975, -975, -975, -975, -975, -975, -975, -975, -975, -975, -975, -975, -975, -975, -975, -975, -975, -975, -975, -975, -975, -975, -975, -975, -975, -975, -975, -975, -975, -975, -975, -975, -975, -975, -975, -975, -975, -975, -975, -975, -975, -975, -975, -975, -975, -975, -975, -975, -975, -975, -975, -975, -975, -975, -975, -975, -975, -975, -975, -960, -975, -975, -975, -945, -945, -975, -975, -975, -975, -975, -975, -975, -1089, -1193, -1193, -1193, -1178, -1193, -1153, -1153, -1153, -1193, -1193, -1193, -1193, -1104, -1104, -1193, -1193, -1193, -1094, -1094, -1094, -1094, -1094, -1079, -1079, -1079, -1094, -1094, -1094, -1094, -1094, -1094, -1094, -980, -995, -995, -995, -995, -995, -980, -980, -980, -980, -980, -980, -980, -990, -990, -1000, -1000, -1005, -1005, -1205, -1158, -1158, -1158, -1158, -1158, -1054, -980, -980, -980, -980, -980, -980, -980, -980, -980, -980, -980, -980, -980, -980, -980, -980, -965, -980, -980, -980, -980, -980, -980, -980, -980, -980, -980, -1084, -1084, -1084, -1084, -1084, -1084, -1084, -1084, -1084, -1084, -1084, -1084, -1084, -980, -980, -980, -985, -1054, -1054, -1054, -1054, -1054, -1054, -1054, -1054, -1054, -1054, -1054, -1054, -1054, -1054, -1054, -1054, -1054, -1054, -1054, -1054, -1054, -1054, -1054, -1044, -1054, -1054, -1054, -1005, -1005, -1005, -970, -970, -1054, -1054, -945, -945, -935, -945, -945, -955, -955, -935, -945, -955, -945, -945, -945, -955, -955, -935, -935, -935, -935, -935, -935, -935, -935, -935, -935, -935, -935, -935, -935, -935, -935, -935, -935, -935, -935, -935, -935, -935, -935, -935, -935, -935, -935, -935, -935, -935, -935, -935, -935, -935, -935, -935, -935, -935, -935, -935, -935, -935, -935, -935, -935, -935, -935, -935, -935, -935, -935, -935, -935, -935, -935, -935, -935, -935, -935, -935, -935, -935, -935, -935, -935, -935, -935, -935, -935, -935, -935, -935, -935, -935, -935, -935, -935, -935, -935, -935, -935, -935, -935, -935, -935, -935, -935, -935, -935, -935, -935, -935, -935, -935, -935, -935, -935, -935, -935, -935, -935, -935, -935, -935, -935, -935, -935, -935, -935, -935, -935, -935, -935, -935, -935, -935, -935, -935, -935, -935, -935, -935, -935, -935, -935, -935, -935, -935, -935, -935, -935, -935, -935, -935, -935, -935, -935, -935, -935, -935, -935, -935, -935, -935, -935, -935, -935, -935, -935, -935, -935, -935, -935, -935, -935, -935, -935, -935, -935, -935, -935, -935, -935, -935, -935, -935, -935, -935, -935, -935, -935, -935, -935, -935, -935, -935, -935, -935, -935, -935, -935, -935, -935, -935, -935, -935, -935, -935, -935, -935, -935, -935, -935, -935, -935, -935, -935, -935, -935, -935, -935, -935, -935, -935, -935, -935, -935, -935, -935, -935, -935, -935, -935, -935, -935, -935, -935, -935, -935, -935, -935, -935, -935, -935, -935, -935, -935, -935, -935, -935, -935, -935, -935, -935, -935, -935, -935, -935, -935, -935, -935, -935, -935, -935, -935, -935, -935, -935, -935, -935, -935, -935, -935, -935, -935, -935, -935, -1044, -1044, -1044, -1039, -955, -935, -1039, -1064, -1064, -1064, -1064, -1059, -1064, -1064, -1064, -980, -980, -980, -980, -980, -980, -980, -1064, -1064, -1064, -1064, -1064, -980, -980, -980, -980, -980, -980, -980, -980, -980, -1010, -1010, -1010, -1010, -1010, -1010, -1010, -1010, -1010, -1010, -1010, -1010, -1010, -1010, -1010, -1010, -1010, -1010, -1010, -1010, -1010, -1010, -1010, -1010, -1010, -1010, -1010, -1010, -1010, -1010, -1010, -1010, -1010, -1010, -1010, -1010, -1010, -1010, -1010, -1010, -1010, -1010, -1010, -1010, -1010, -1010, -1010, -1010, -1010, -1010, -1010, -1010, -1010, -1010, -1010, -1010, -1010, -1010, -1010, -1010, -1010, -1010, -1010, -1010, -1010, -1010, -1010, -1010, -1010, -1010, -1010, -1010, -1010, -1010, -1010, -1010, -1010, -975, -1010, -1010, -1010, -1010, -1010, -1010, -1010, -1010, -1010, -1010, -1010, -1010, -1010, -1010, -1010, -995, -1010, -1010, -1010, -1010, -1010, -1010, -1010, -1010, -1010, -1010, -1010, -1010, -1010, -1010, -1010, -1010, -1010, -1010, -1010, -1010, -1010, -1010, -1010, -1010, -1010, -1010, -1010, -1010, -1010, -1010, -1010, -1010, -1010, -1010, -1010, -1010, -1010, -1010, -1010, -1010, -1010, -1010, -1010, -1010, -1010, -1010, -1010, -1010, -1010, -1010, -1010, -1010, -1010, -1010, -1010, -1010, -1010, -1010, -1010, -1010, -1010, -1010, -1010, -1010, -1010, -1010, -1010, -1010, -1010, -1010, -1010, -1010, -1010, -1010, -1010, -1010, -1010, -1010, -1010, -1010, -1010, -1010, -1010, -1010, -1010, -1010, -1010, -985, -985, -985, -985, -1010, -1010, -1010, -1010, -1010, -1010, -1010, -1010, -1010, -1010, -1010, -1010, -1010, -1010, -1010, -1010, -1010, -1010, -1010, -1010, -1010, -1010, -1010, -1010, -1010, -1010, -1010, -1010, -1010, -1010, -1010, -1010, -1010, -1010, -1010, -1010, -1010, -1010, -1010, -1010, -1010, -1010, -1010, -1010, -1010, -1010, -1010, -1010, -1010, -1010, -1010, -1010, -1010, -1010, -1010, -1010, -1010, -1010, -1010, -1010, -1010, -1010, -1010, -1010, -1010, -1010, -1010, -1010, -1010, -1010, -1010, -1010, -1010, -1010, -1010, -1010, -1010, -1010, -1010, -1010, -1010, -1010, -1010, -1010, -1010, -1010, -1010, -1010, -1010, -1010, -1010, -1010, -1010, -1010, -1010, -1010, -1010, -1010, -1010, -1010, -1030, -1030, -1030, -1030, -1010, -1010, -1010, -1010, -1010, -1010, -1010, -1010, -1010, -1010, -1010, -1010, -1040, -1040, -1040, -1040, -1040, -1040, -1040, -1040, -1040, -1040, -1040, -1040, -1010, -1040, -1040, -1040, -1040, -1040, -1040, -1040, -1040, -1040, -1040, -1040, -1040, -1040, -1040, -1040, -1040, -1040, -975, -975, -975, -975, -990, -1045, -1045, -1045, -1045, -1045, -1045, -1045, -1045, -1045, -1045, -1045, -1045, -1045, -1045, -1040, -1040, -1040, -1040, -1040, -1040, -1040, -1040, -1040, -1040, -1040, -1040, -1040, -1040, -1040, -1040, -1040, -1040, -1040, -1040, -1040, -1040, -1040, -1040, -1030, -1030, -1030, -1030, -1030, -1030, -1030, -1030, -1030, -1030, -1030, -1030, -1030, -1030, -1030, -1030, -1144, -1144, -1144, -1144, -1079, -1079, -1079, -1079, -1025, -1079, -1079, -1079, -1079, -1079, -1079, -1079, -1079, -1079, -1089, -1089, -1089, -1089, -1089, -1089, -1035, -1035, -1035, -1035, -1035, -1035, -1035, -1035, -1035, -1035, -1035, -1035, -1035, -1035, -1035, -1055, -1055, -1055, -1055, -1055, -1055, -1055, -1030, -1055, -1055, -1055, -1055, -1055, -1055, -1055, -1055, -1055, -1055, -1055, -1055, -1055, -1055, -1055, -1035, -1035, -1055, -1055, -1055, -1055, -1055, -1055, -1055, -1055, -1045, -1045, -1045, -1045, -1045, -1045, -1045, -1045, -1045, -1045, -1045, -1045, -1045, -1045, -1055, -1045, -1045, -1045, -1030, -1045, -1045, -1045, -1045, -1045, -1045, -1045, -1045, -1045, -1045, -1045, -1451, -1277, -1481, -1169, -1481, -1377, -1352, -1362, -1362, -1362, -1362, -1154, -1154, -1362, -1362, -1362, -1362, -1361, -1361, -1149, -1149, -1149, -1362, -1253, -1362, -1362, -1362, -1362, -1273, -1352, -1352, -1352, -1352, -1362, -1362, -1362, -1362, -1362, -1149, -1149, -1149, -1149, -1377, -1377, -1258, -1258, -1258, -1238, -1253, -1253, -1253, -1134, -1075, -1134, -1134, -1134, -1065, -1065, -1060, -1065, -1065, -1065, -1065, -1065, -1065, -1065, -1065, -1065, -1065, -1065, -1065, -1045, -1065, -1065, -1055, -1055, -1055, -1055, -1065, -1065, -1065, -1065, -1065, -1065, -1169, -1169, -1169, -1169, -1169, -1070, -1164, -1169, -1169, -1169, -1169, -1169, -1169, -1169, -1169, -1278, -1174, -1174, -1174, -1392, -1392, -1174, -1186, -1186, -1186, -1186, -1186, -1186, -1397, -1397, -1293, -1308, -1387, -1387, -1229, -1387, -1387, -1340, -1340, -1340, -1303, -1303, -1303, -1303, -1303, -1303, -1303, -1303, -1303, -1303, -1303, -1298, -1298, -1298, -1298, -1298, -1298, -1298, -1298, -1298, -1298, -1298, -1298, -1298, -1298, -1298, -1298, -1268, -1268, -1258, -1258, -1258, -1258, -1258, -1283, -1283, -1283, -1283, -1278, -1278, -1278, -1273, -1278, -1288, -1288, -1288, -1288, -1288, -1288, -1288, -1288, -1288, -1288, -1288, -1288, -1095, -1095, -1288, -1288, -1288, -1288, -1496, -1501, -1372, -1372, -1467, -1447, -1501, -1501, -1501, -1501, -1303, -1288, -1442, -1323, -1313, -1442, -1194, -1194, -1422, -1422, -1422, -1422, -1422, -1452, -1363, -1363, -1363, -1363, -1363, -1363, -1363, -1363, -1363, -1363, -1363, -1363, -1363, -1363, -1363, -1363, -1363, -1363, -1363, -1363, -1363, -1348, -1249, -1239, -1249, -1249, -1249, -1249, -1160, -1249, -1249, -1249, -1249, -1249, -1249, -1249, -1249, -1209, -1249, -1249, -1239, -1239, -1249, -1249, -1249, -1249, -1229, -1249, -1249, -1249, -1120, -1249, -1249, -1249, -1234, -1249, -1249, -1249, -1249, -1249, -1249, -1249, -1249, -1249, -1249, -1249, -1249, -1249, -1249, -1249, -1249, -1135, -1135, -1135, -1135, -1135, -1249, -1249, -1249, -1165, -1165, -1165, -1165, -1130, -1130, -1130, -1130, -1130, -1130, -1130, -1130, -1130, -1130, -1130, -1130, -1130, -1130, -1130, -1130, -1130, -1130, -1125, -1125, -1130, -1130, -1130, -1130, -1130, -1125, -1125, -1125, -1125, -1115, -1125, -1145, -1145, -1145, -1145, -1145, -1145, -1145, -1145, -1145, -1120, -1105, -1105, -1105, -1105, -1105, -1105, -1105, -1105, -1105, -1105, -1105, -1105, -1100, -1105, -1105, -1105, -1105, -1105, -1105, -1105, -1105, -1105, -1105, -1105, -1105, -1105, -1105, -1105, -1105, -1105, -1105, -1080, -1080, -1080, -1080, -1080, -1080, -1080, -1080, -1080, -1080, -1070, -1070, -1070, -1070, -1070, -1070, -1070, -1070, -1070, -1070, -1070, -1070, -1065, -1065, -1065, -1045, -1045, -1045, -1045, -1045, -1045, -1045, -1045, -1045, -1045, -1045, -1045, -1045, -1045, -1045, -1045, -1045, -1045, -1045, -1045, -1045, -1045, -1045, -1045, -1045, -1045, -1045, -1045, -1045, -1045, -1045, -1045, -1045, -1045, -1045, -1045, -1045, -1045, -1035, -1035, -1035, -1035, -1030, -1030, -1035, -1035, -1035, -1045, -1045, -1045, -1045, -1045, -1045, -1045, -1045, -1045, -1045, -1045, -1045, -1045, -1045, -1045, -1045, -1045, -1045, -1045, -1045, -1045, -1045, -1045, -1045, -1347, -1347, -1347, -1347, -1347, -1347, -1347, -1347, -1347, -1347, -1347, -1347, -1347, -1347, -1347, -1347, -1347, -1347, -1347, -1347, -1347, -1347, -1065, -1065, -1065, -1065, -1347, -1347, -1347, -1347, -1347, -1065, -1065, -1065, -1065, -1065, -1065, -1065, -1065, -1065, -1065, -1065, -1065, -1045, -1065, -1065, -1065, -1065, -1065, -1065, -1065, -1065, -1065, -1065, -1065, -1065, -1055, -1055, -1055, -1055, -1055, -1055, -1055, -1055, -1055, -1055, -1055, -1055, -1055, -1055, -1055, -1055, -1055, -1055, -1055, -1055, -1040, -1040, -1040, -1040, -1040, -1040, -1040, -1040, -1040, -1040, -1040, -1040, -1040, -1030, -1030, -1030, -1040, -1040, -1040, -1040, -1040, -1035, -1035, -1035, -1040, -1040, -1040, -1040, -1040, -1040, -1040, -1040, -1040, -1040, -1040, -1040, -1040, -1040, -1040, -1040, -1040, -1040, -1040, -1040, -1040, -1040, -1040, -1040, -1040, -1040, -1040, -1040, -1035, -1030, -1040, -1040, -1040, -1040, -1040, -1040, -1040, -1040, -1040, -1040, -1040, -1040, -1030, -1030, -1030, -1030, -1030, -1030, -1030, -1030, -1030, -1030, -1030, -1030, -1030, -1030, -1030, -1030, -1030, -1030, -1030, -1030, -1030, -1030, -1030, -1030, -1030, -1030, -1030, -1030, -1030, -1030, -1030, -1030, -1030, -1030, -1030, -1030, -1030, -1030, -1030, -1030, -1030, -1030, -1030, -1030, -1030, -1030, -1030, -1030, -1030, -1030, -1030, -1030, -1030, -1030, -1030, -1030, -1030, -1030, -1030, -1030, -1030, -1030, -1030, -1030, -1030, -1025, -1025, -1025, -1025, -1025, -1025, -1025, -1025, -1025, -1025, -1025, -1025, -1025, -1025, -1025, -1025, -1025, -1025, -1025, -1015, -1015, -1015, -1015, -1015, -1015, -1015, -1015, -1015, -1015, -1015, -1015, -1015, -1015, -1015, -1015, -1015, -1015, -1015, -1015, -1015, -1015, -1015, -1015, -1015, -1015, -1015, -1015, -1015, -1015, -1015, -1015, -1015, -1015, -1015, -1015, -1015, -1015, -1015, -1015, -1015, -1015, -1015, -1015, -1015, -1015, -1015, -1015, -1015, -1015, -1015, -1015, -1015, -1015, -1015, -1015, -1015, -1015, -1015, -1015, -1015, -1015, -1015, -1015, -1015, -1015, -1015, -1015, -1015, -1015, -1015, -1015, -1015, -1015, -1015, -1015, -1015, -1015, -1015, -1015, -1015, -1015, -1015, -1015, -1015, -1015, -1015, -1015, -1015, -1015, -1015, -1015, -1015, -1015, -1015, -1015, -1015, -1015, -1015, -1015, -1015, -1015, -1015, -1015, -1015, -1015, -1015, -1015, -1015, -1015, -1015, -1015, -1015, -1015, -1015, -1015, -1015, -1015, -1015, -1015, -1015, -1015, -1015, -1015, -1015, -1015, -1015, -1015, -1015, -995, -995, -1015, -1015, -1015, -1015, -1015, -1015, -1015, -1015, -1015, -1015, -1015, -1015, -1015, -1015, -1015, -1015, -1015, -1015, -1015, -1015, -1015, -1015, -1015, -1015, -1015, -1015, -1015, -1015, -1015, -1015, -1015, -1015, -1015, -1015, -1015, -1015, -1015, -1015, -1015, -1015, -1015, -1015, -1015, -1015, -1015, -1015, -1015, -1015, -1015, -1015, -1015, -1015, -1015, -1015, -1015, -1015, -1015, -1015, -1015, -1015, -1015, -1015, -1015, -1015, -1015, -1015, -1015, -1015, -1015, -1015, -1015, -1015, -1015, -1015, -1015, -1015, -1015, -1015, -1015, -1015, -1015, -1015, -1015, -1015, -1015, -975, -975, -975, -975, -975, -975, -975, -1015, -1015, -1015, -1015, -1015, -1015, -1015, -995, -995, -995, -1015, -1015, -1015, -995, -995, -995, -995, -995, -995, -995, -995, -995, -995, -940, -995, -1015, -1015, -1015, -1015, -1015, -1015, -1015, -1015, -1015, -1015, -1015, -1015, -1015, -1015, -1015, -1015, -1015, -1015, -1015, -995, -995, -995, -995, -995, -995, -995, -995, -995, -995, -995, -995, -995, -995, -995, -995, -995, -995, -995, -995, -995, -995, -985, -995, -995, -995, -995, -995, -995, -995, -995, -995, -995, -995, -995, -995, -995, -995, -995, -995, -995, -995, -995, -1104, -1104, -1119, -1119, -1119, -1119, -945, -945, -945, -985, -1119, -1074, -1074, -945, -945, -945, -945, -945, -945, -945, -945, -980, -980, -980, -970, -970, -970, -970, -970, -980, -1084, -1084, -1148, -945, -1148, -1148, -1148, -1148, -1148, -1148, -1148, -1148, -1148, -1148, -1049, -1148, -1148, -1148, -1148, -1148, -1138, -950, -950, -1148, -1148, -1148, -1148, -1148, -1148, -1148, -1148, -1148, -1148, -1148, -1148, -1148, -1148, -1000, -1000, -1000, -1000, -1000, -1148, -945, -945, -945, -945, -1039, -1039, -1039, -945, -945, -945, -945, -945, -945, -945, -945, -945, -945, -945, -935, -935, -935, -935, -935, -935, -935, -935, -935, -935, -935, -935, -935, -935, -935, -935, -935, -935, -935, -935, -935, -935, -935, -935, -935, -935, -935, -935, -935, -935, -935, -935, -935, -935, -935, -935, -935, -935, -935, -935, -935, -935, -935, -935, -935, -935, -935, -935, -935, -935, -935, -935, -935, -935, -935, -935, -935, -935, -935, -935, -935, -935, -935, -935, -935, -935, -935, -935, -935, -935, -935, -935, -935, -935, -935, -935, -935, -935, -935, -935, -935, -935, -935, -935, -935, -935, -935, -935, -935, -935, -935, -935, -935, -935, -935, -935, -935, -935, -935, -935, -935, -935, -935, -935, -935, -935, -935, -935, -935, -935, -935, -935, -935, -935, -935, -935, -935, -935, -935, -935, -935, -935, -935, -935, -935, -935, -935, -935, -935, -935, -935, -935, -935, -935, -935, -935, -935, -935, -935, -935, -935, -935, -935, -935, -935, -935, -935, -935, -935, -935, -935, -935, -935, -935, -935, -935, -935, -935, -935, -935, -935, -935, -935, -935, -935, -935, -935, -935, -935, -935, -935, -935, -935, -935, -935, -935, -935, -935, -935, -935, -935, -935, -935, -935, -935, -935, -935, -935, -935, -935, -935, -935, -935, -935, -935, -935, -935, -935, -935, -935, -935, -935, -935, -935, -935, -935, -935, -935, -935, -935, -935, -935, -935, -935, -935, -935, -935, -935, -935, -935, -960, -935, -935, -935, -935, -935, -935, -935, -935, -935, -935, -935, -935, -935, -935, -935, -935, -935, -935, -935, -935, -935, -935, -935, -935, -935, -935, -935, -935, -935, -935, -935, -935, -935, -935, -935, -935, -935, -935, -935, -935, -935, -935, -935, -935, -935, -935, -935, -935, -935, -935, -935, -935, -935, -935, -935, -935, -935, -935, -935, -935, -935, -935, -935, -935, -935, -935, -935, -935, -935, -935, -935, -935, -935, -935, -935, -935, -935, -935, -935, -935, -935, -935, -935, -935, -935, -935, -935, -935, -935, -935, -935, -935, -935, -935, -935, -935, -935, -935, -935, -935, -935, -935, -935, -935, -935, -935, -935, -935, -935, -935, -935, -935, -935, -935, -935, -935, -935, -935, -935, -935, -935, -935, -935, -935, -935, -935, -935, -935, -935, -935, -935, -935, -935, -935, -935, -935, -935, -935, -935, -935, -935, -935, -935, -935, -935, -935, -935, -935, -935, -935, -935, -935, -935, -935, -935, -935, -935, -935, -935, -935, -935, -935, -935, -935, -935, -935, -935, -935, -935, -935, -935, -935, -935, -935, -935, -935, -935, -935, -935, -935, -935, -935, -935, -935, -935, -935, -935, -935, -935, -935, -935, -935, -935, -935, -935, -935, -935, -935, -935, -935, -935, -935, -935, -935, -935, -935, -935, -935, -935, -935, -935, -935, -935, -935, -935, -935, -935, -935, -935, -935, -935, -935, -935, -935, -935, -935, -935, -935, -935, -935, -935, -935, -935, -935, -935, -935, -935, -935, -935, -935, -935, -1044, -1044, -1044, -1044, -935, -935, -1153, -1049, -1049, -1049, -1049, -1049, -1049, -1049, -940, -940, -940, -940, -940, -940, -940, -1049, -1049, -1049, -1049, -950, -950, -940, -940, -940, -940, -940, -940, -940, -940, -940, -940, -940, -940, -940, -940, -940, -940, -940, -940, -940, -940, -940, -940, -940, -940, -940, -940, -940, -940, -940, -940, -940, -940, -940, -940, -940, -940, -940, -940, -940, -940, -940, -935, -935, -935, -935, -935, -935, -935, -935, -935, -935, -935, -935, -935, -935, -935, -935, -935, -935, -935, -935, -935, -935, -935, -935, -935, -935, -935, -935, -935, -935, -935, -935, -935, -935, -935, -935, -935, -935, -935, -935, -935, -935, -935, -935, -935, -935, -935, -935, -935, -935, -935, -935, -935, -935, -935, -935, -935, -935, -935, -935, -935, -935, -935, -935, -935, -935, -935, -935, -935, -935, -935, -935, -935, -935, -935, -935, -935, -935, -945, -940, -945, -935, -935, -935, -935, -935, -935, -935, -935, -935, -935, -935, -945, -945, -945, -945, -945, -945, -945, -945, -945, -945, -945, -945, -935, -945, -945, -945, -945, -945, -945, -945, -945, -945, -945, -945, -945, -945, -945, -945, -945, -945, -945, -945, -945, -945, -945, -945, -945, -945, -945, -945, -945, -945, -945, -945, -945, -945, -945, -945, -945, -945, -945, -945, -945, -945, -945, -945, -945, -945, -965, -965, -965, -965, -945, -945, -965, -1064, -1064, -1064, -1119, -1119, -1119, -1119, -1119, -1119, -1119, -1119, -1046, -1046, -1119, -1119, -1119, -1119, -1119, -1119, -1119, -1119, -1119, -1119, -1119, -1119, -985, -985, -985, -985, -985, -1114, -1114, -1114, -1114, -1114, -1114, -1114, -1114, -1114, -1114, -1114, -1114, -1114, -1114, -1104, -1104, -1104, -1104, -1104, -1104, -1104, -1104, -1104, -1104, -1104, -1104, -1104, -1104, -1104, -1104, -1104, -1104, -1104, -1104, -1104, -980, -1104, -1104, -980, -980, -980, -980, -980, -980, -980, -980, -980, -980, -980, -980, -980, -980, -980, -980, -980, -980, -980, -980, -980, -980, -980, -980, -980, -980, -980, -980, -980, -980, -980, -980, -980, -980, -980, -980, -980, -980, -980, -980, -980, -1104, -1104, -1104, -1104, -1104, -1104, -1104, -1104, -1104, -990, -990, -1104, -1104, -1104, -1104, -1104, -1104, -1104, -1104, -1104, -1104, -1104, -1104, -1104, -1099, -1099, -1099, -1104, -1104, -1104, -1104, -1104, -1104, -1104, -1104, -1104, -1104, -1208, -1178, -1183, -1178, -1178, -1218, -1218, -1218, -1218, -1218, -1208, -1208, -1322, -1322, -1322, -1322, -1322, -1317, -1317, -1317, -1317, -1317, -1317, -1317, -1317, -1322, -1322, -1322, -1238, -1238, -1322, -1322, -1322, -1228, -1322, -1322, -1322, -1322, -1322, -1322, -1322, -1322, -1322, -1322, -1322, -1322, -1322, -1307, -1322, -1322, -1322, -1322, -1322, -1213, -1322, -1322, -1322, -1322, -1322, -1322, -1322, -1322, -1322, -1322, -1233, -1213, -1213, -1213, -1213, -1213, -1213, -1322, -1322, -1223, -1218, -1218, -1322, -1329, -1329, -1322, -1322, -1322, -1322, -1213, -1213, -1213, -1213, -1213, -1213, -1322, -1299, -1299, -1299, -1299, -1322, -1322, -1322, -1436, -1423, -1436, -1436, -1436, -1436, -1545, -1545, -1451, -1545, -1545, -1545, -1545, -1545, -1377, -1342, -1342, -1342, -1352, -1545, -1545, -1545, -1545, -1545, -1545, -1461, -1461, -1461, -1461, -1441, -1441, -1441, -1441, -1441, -1441, -1441, -1342, -1342, -1342, -1342, -1342, -1342, -1342, -1342, -1342, -1342, -1352, -1441, -1441, -1441, -1441, -1441, -1441, -1441, -1441, -1441, -1233, -1233, -1228, -1228, -1233, -1020, -1020, -1020, -1020, -1020, -1020, -1020, -1020, -1020, -1020, -1020, -1020, -1020, -1020, -1020, -1020, -1020, -1020, -1020, -1015, -1020, -1020, -1020, -1020, -1020, -1020, -1020, -1020, -1020, -1020, -1020, -1020, -1020, -1020, -1020, -1020, -1020, -1010, -1020, -1005, -1020, -1020, -1020, -1020, -1020, -1020, -995, -1020, -1020, -1020, -1020, -1020, -1020, -1020, -1020, -1020, -1020, -1020, -1020, -1020, -1020, -1020, -1020, -1020, -1020, -1020, -1020, -1020, -1020, -1020, -1020, -1020, -1020, -1020, -1020, -1020, -1020, -1020, -1020, -1020, -1020, -1020, -1020, -1020, -1020, -1020, -1010, -1010, -1020, -1020, -1020, -1020, -1020, -1005, -1005, -1005, -1005, -1005, -1005, -1005, -1005, -1005, -1005, -1005, -1005, -1005, -1005, -1005, -1005, -1005, -1005, -1005, -1005, -1005, -1005, -1005, -1005, -1005, -1005, -1005, -1005, -1005, -1005, -1005, -1005, -1005, -1005, -1005, -1005, -1005, -1005, -1005, -1005, -1005, -1005, -995, -995, -1005, -1005, -1005, -1005, -1005, -1000, -1000, -1005, -1005, -1005, -1005, -1005, -1005, -1005, -1005, -1005, -1005, -1005, -1005, -1005, -1005, -1005, -1005, -1005, -1005, -1005, -1005, -1005, -1005, -1005, -1005, -980, -980, -980, -980, -1005, -1005, -1005, -1005, -1005, -1005, -1005, -1005, -1005, -1005, -1005, -1005, -1005, -1005, -1005, -1005, -1005, -1005, -1005, -1005, -1005, -1005, -1005, -1005, -1005, -1005, -1005, -1005, -1005, -1005, -1005, -1005, -1005, -1005, -1005, -1005, -1005, -1005, -1005, -1005, -1005, -1005, -1005, -1005, -1005, -1010, -1005, -1005, -1233, -1233, -1233, -1233, -1233, -1233, -1233, -1233, -1233, -1233, -1233, -1233, -1233, -1233, -1233, -1233, -1233, -1233, -1233, -1223, -1223, -1223, -1223, -1223, -1223, -1223, -1223, -1134, -1134, -1134, -1134, -1134, -1134, -1134, -1134, -1104, -1104, -1104, -1104, -1104, -1104, -1104, -1104, -1104, -1104, -1104, -1099, -1099, -1099, -1099, -1099, -1099, -1099, -1099, -1099, -1099, -1099, -1099, -1099, -1099, -1099, -1099, -1099, -1099, -1099, -1099, -1099, -1099, -1099, -1099, -1099, -1099, -1099, -1099, -1099, -1099, -1099, -1099, -1099, -1099, -1099, -1099, -1099, -1099, -1099, -1099, -1099, -1099, -1099, -1099, -1099, -1099, -1099, -1099, -1099, -1099, -1099, -1099, -1099, -1099, -1099, -1099, -1099, -1099, -1099, -1099, -995, -995, -995, -995, -995, -995, -1025, -1099, -1020, -1020, -1020, -1099, -1099, -1099, -1099, -1099, -1099, -1099, -1099, -1099, -1099, -1099, -1099, -1099, -1099, -1099, -1099, -1099, -1099, -1099, -1020, -1020, -1020, -1020, -1020, -1020, -1020, -1020, -1010, -1020, -1020, -1020, -1020, -1010, -1010, -1010, -1010, -1010, -1010, -1010, -1010, -1010, -1010, -1010, -1010, -1010, -1223, -1312, -1312, -1312, -1312, -1238, -1238, -980, -980, -980, -980, -980, -980, -980, -980, -980, -980, -980, -980, -980, -980, -980, -980, -980, -980, -980, -980, -980, -980, -980, -980, -980, -980, -980, -980, -980, -1089, -1089, -1089, -1089, -985, -985, -985, -985, -985, -985, -985, -985, -985, -980, -980, -985, -985, -985, -985, -985, -985, -985, -985, -985, -985, -985, -985, -985, -985, -985, -985, -985, -985, -985, -985, -985, -985, -975, -975, -975, -975, -975, -975, -975, -975, -985, -985, -1020, -1020, -1020, -995, -995, -995, -995, -995, -1000, -1000, -1000, -1000, -1000, -1000, -1000, -1000, -1000, -990, -990, -990, -990, -1000, -1000, -1000, -1000, -1000, -1000, -995, -995, -995, -995, -1010, -1020, -1020, -1020, -1020, -1124, -1020, -1020, -1020, -1020, -1020, -1020, -1020, -1124, -1124, -1124, -1124, -1124, -1124, -1124, -1124, -1124, -1124, -1124, -1124, -1124, -1124, -1124, -1124, -1124, -1124, -1114, -1124, -1124, -1124, -1124, -1124, -1124, -1124, -1124, -1124, -1124, -1124, -1124, -1035, -1035, -1035, -1174, -1174, -1174, -1174, -1154, -1109, -1174, -1174, -1195, -1195, -1225, -1225, -1225, -1225, -1225, -1225, -1225, -1225, -1225, -1225, -1225, -1225, -1225, -1225, -1225, -1225, -1116, -1116, -1116, -1116, -1116, -1116, -1116, -1116, -1116, -1116, -1116, -1116, -1116, -1116, -1116, -1116, -1116, -1106, -1106, -1106, -1106, -1106, -1106, -1106, -1106, -1106, -1106, -1106, -1106, -1106, -1106, -1106, -1106, -1106, -1106, -1106, -1106, -1106, -1106, -1106, -1106, -1106, -1101, -1106, -1106, -1106, -1106, -1106, -1106, -1106, -1106, -1106, -1106, -1106, -1106, -1106, -1106, -1106, -1106, -1106, -1106, -1101, -1101, -1101, -1106, -1106, -1101, -1101, -1101, -1101, -1101, -990, -990, -990, -990, -990, -990, -990, -990, -990, -1106, -1106, -1010, -1010, -1010, -1010, -1005, -1010, -1010, -1010, -1010, -1010, -1010, -1010, -1010, -1010, -1010, -1010, -1000, -1000, -1000, -1000, -1000, -1000, -1010, -1010, -1010, -1010, -1010, -1010, -1010, -1010, -1010, -1010, -980, -980, -1010, -1010, -1010, -1010, -1010, -1010, -1010, -1010, -1010, -1010, -1010, -1010, -1010, -990, -975, -975, -975, -990, -990, -990, -1010, -1010, -1010, -1010, -1010, -1010, -1010, -1010, -1010, -1010, -1010, -1010, -1010, -1010, -1010, -1005, -1010, -1010, -1010, -1010, -1010, -1010, -1010, -1010, -1010, -1010, -1010, -1010, -1010, -1010, -1010, -1010, -1010, -1010, -1010, -1010, -1010, -1010, -1010, -1010, -1010, -1010, -1010, -1010, -1010, -1010, -1010, -1010, -1010, -1010, -980, -980, -980, -980, -1010, -1010, -1010, -1010, -985, -985, -985, -985, -970, -970, -970, -970, -970, -970, -970, -970, -970, -970, -970, -970, -970, -970, -970, -970, -970, -970, -970, -935, -935, -935, -970, -970, -970, -970, -970, -970, -970, -970, -970, -970, -970, -970, -970, -970, -970, -970, -965, -970, -970, -940, -940, -940, -940, -940, -940, -940, -940, -940, -940, -940, -940, -940, -940, -940, -940, -935, -935, -935, -935, -935, -935, -935, -935, -940, -940, -940, -940, -940, -940, -940, -940, -940, -940, -940, -940, -940, -940, -940, -940, -940, -940, -940, -940, -940, -940, -940, -940, -940, -940, -940, -940, -940, -940, -940, -940, -940, -940, -940, -940, -940, -940, -940, -940, -940, -940, -940, -940, -940, -940, -940, -940, -940, -1044, -940, -940, -940, -940, -940, -940, -940, -940, -940, -940, -940, -940, -940, -940, -940, -940, -940, -940, -940, -940, -940, -940, -940, -940, -940, -940, -940, -940, -940, -940, -940, -940, -940, -940, -940, -940, -940, -940, -940, -940, -940, -940, -940, -940, -940, -940, -940, -940, -940, -940, -935, -935, -935, -935, -935, -935, -935, -935, -935, -935, -940, -940, -940, -940, -940, -940, -940, -1094, -1094, -1094, -1094, -1094, -1094, -1094, -1050, -985, -985, -985, -985, -985, -985, -960, -985, -985, -985, -985, -985, -985, -985, -985, -985, -985, -985, -985, -985, -985, -985, -985, -985, -985, -985, -985, -955, -955, -985, -985, -980, -980, -980, -985, -985, -1084, -1084, -1084, -1084, -1084, -1084, -1084, -1059, -1059, -1059, -1059, -1059, -1059, -1059, -1059, -1059, -1059, -1059, -1039, -1039, -1059, -1059, -1059, -1059, -1059, -1059, -1059, -1049, -1049, -1049, -1044, -1049, -1049, -1049, -1049, -1059, -1059, -1039, -1039, -945, -945, -1039, -1030, -1030, -960, -960, -960, -1030, -1030, -960, -980, -980, -980, -955, -955, -955, -980, -955, -1059, -1059, -1059, -1059, -1360, -1322, -1203, -1203, -1203, -1119, -1203, -1203, -1203, -1203, -1203, -1203, -1203, -1203, -1104, -1104, -1104, -1104, -1104, -1104, -1203, -1203, -1203, -1203, -1203, -1203, -1203, -1000, -1000, -1000, -1000, -1000, -1000, -1000, -1000, -990, -1000, -995, -995, -1000, -980, -1000, -1000, -1000, -1000, -1000, -1000, -1000, -1000, -1000, -1000, -1000, -1000, -1000, -1000, -1000, -1000, -1000, -1000, -1000, -1000, -980, -980, -980, -980, -965, -980, -980, -980, -980, -980, -980, -980, -965, -965, -980, -980, -980, -980, -980, -980, -980, -980, -980, -980, -980, -980, -980, -980, -980, -980, -975, -980, -980, -980, -980, -975, -975, -980, -980, -980, -980, -980, -980, -980, -980, -980, -980, -980, -980, -995, -995, -995, -995, -985, -995, -1129, -1129, -975, -975, -1129, -1129, -1129, -1129, -995, -1129, -1129, -1129, -1129, -1208, -1223, -1223, -1208, -1208, -1223, -1223, -1208, -1218, -1223, -1015, -1015, -1020, -1223, -1223, -1223, -1223, -1010, -1010, -1010, -1010, -1010, -1010, -1010, -1010, -1141, -1025, -1025, -1025, -1025, -1025, -1020, -1020, -1020, -1020, -1020, -1020, -1020, -1020, -1020, -1020, -1020, -1020, -1020, -1020, -1020, -1020, -1020, -1020, -1015, -1015, -1015, -1015, -1015, -1015, -1015, -970, -970, -1010, -1010, -1010, -1015, -1015, -1015, -970, -970, -970, -970, -1223, -1223, -1223, -1223, -1223, -1015, -1015, -1015, -1015, -1000, -1000, -1000, -1000, -1000, -1000, -1000, -1000, -1000, -1000, -1000, -1015, -1015, -1015, -1000, -1000, -1000, -1000, -1000, -1208, -1015, -1208, -1213, -1213, -1213, -1213, -1213, -1213, -1015, -1015, -1015, -1015, -1213, -1213, -1213, -1213, -1213, -1208, -1020, -1020, -1208, -1213, -1213, -1213, -1213, -1213, -1213, -1213, -1213, -1213, -1213, -1030, -1218, -1203, -1218, -1218, -1218, -1218, -1218, -1183, -1218, -1218, -1005, -1005, -1005, -1005, -1005, -1005, -1005, -1005, -1005, -1005, -1005, -1005, -1005, -1005, -1005, -1005, -1005, -1005, -1005, -1005, -1005, -1005, -1005, -1005, -1005, -1005, -1005, -1005, -1005, -1005, -1005, -1005, -1005, -1005, -1005, -1000, -1000, -1005, -1005, -1005, -980, -995, -995, -1005, -1005, -1005, -1005, -1005, -995, -995, -995, -995, -995, -995, -995, -995, -975, -995, -1005, -1005, -1005, -1005, -1005, -1005, -1030, -1030, -1030, -1030, -1030, -1030, -1030, -1030, -1030, -1030, -1030, -1025, -985, -1030, -1030, -1099, -990, -990, -990, -990, -990, -990, -990, -990, -980, -990, -990, -990, -990, -990, -990, -990, -990, -990, -990, -990, -990, -990, -985, -990, -985, -990, -990, -990, -990, -990, -1020, -1020, -1020, -1020, -1208, -1208, -1208, -1208, -1208, -1208, -1208, -1208, -1324, -1282, -1074, -1074, -1074, -1074, -1074, -1074, -1091, -1101, -985, -1101, -1015, -995, -990, -1101, -1096, -1096, -1096, -1096, -1096, -1096, -1096, -1091, -1081, -1081, -1081, -1081, -1081, -1081, -1081, -1081, -1076, -1076, -1076, -1076, -1076, -1076, -980, -980, -980, -980, -1071, -1071, -1071, -1071, -1071, -940, -940, -940, -940, -940, -940, -940, -940, -940, -940, -940, -940, -940, -940, -940, -940, -940, -940, -940, -940, -940, -935, -935, -935, -935, -935, -935, -935, -935, -935, -935, -935, -935, -935, -935, -935, -935, -935, -935, -935, -935, -935, -935, -940, -1203, -1203, -1203, -1336, -1336, -1336, -1336, -940, -940, -940, -940, -940, -940, -935, -935, -935, -935, -935, -935, -935, -935, -935, -935, -935, -935, -935, -935, -935, -940, -940, -940, -940, -940, -940, -940, -940, -935, -935, -935, -935, -935, -935, -940, -940, -940, -940, -940, -940, -935, -935, -935, -940, -940, -940, -940, -940, -940, -940, -940, -940, -940, -940, -940, -940, -940, -940, -940, -940, -940, -940, -940, -940, -940, -940, -940, -940, -940, -940, -940, -940, -940, -940, -940, -940, -940, -940, -940, -940, -940, -940, -940, -940, -940, -940, -940, -940, -940, -940, -940, -940, -940, -940, -940, -940, -940, -940, -940, -940, -940, -935, -940, -940, -940, -940, -940, -940, -940, -940, -940, -940, -940, -935, -940, -940, -940, -940, -940, -940, -940, -940, -940, -940, -940, -940, -940, -940, -940, -940, -940, -940, -940, -940, -940, -940, -940, -940, -1054, -1054, -1054, -1054, -940, -940, -940, -940, -940, -940, -940, -940, -940, -940, -940, -940, -940, -940, -940, -940, -940, -940, -940, -940, -940, -940, -940, -940, -940, -940, -940, -940, -940, -940, -940, -940, -940, -935, -940, -940, -940, -940, -940, -940, -935, -935, -940, -935, -935, -935, -935, -935, -935, -935, -935, -935, -935, -935, -935, -1153, -1153, -1153, -1153, -1153, -1153, -1153, -1153, -1153, -1044, -1153, -1153, -1153, -1153, -1153, -1153, -1153, -1153, -1153, -1153, -1153, -1079, -1079, -960, -1079, -1079, -960, -960, -1079, -1079, -1079, -1079, -1064, -1064, -1064, -1079, -1079, -1064, -1064, -1079, -1079, -1079, -1079, -1069, -1069, -1079, -1079, -1079, -990, -990, -990, -990, -970, -970, -990, -960, -960, -960, -960, -960, -1000, -1054, -975, -975, -1054, -1054, -1054, -1054, -1054, -1054, -1054, -1054, -1054, -1054, -1054, -1079, -1079, -1079, -1079, -1079, -1079, -1079, -1079, -1079, -1079, -1079, -1079, -1079, -1079, -1079, -1079, -1079, -1079, -1079, -1079, -970, -970, -970, -970, -970, -970, -970, -970, -970, -970, -970, -1183, -1183, -1183, -1188, -1188, -1188, -1188, -1188, -1188, -1188, -1188, -1188, -1109, -1109, -1109, -1109, -1109, -1109, -1109, -1104, -1005, -1005, -1109, -1109, -1069, -1069, -1069, -1069, -1069, -1069, -1069, -1069, -1069, -1069, -1069, -1069, -1069, -1069, -1069, -1069, -1069, -975, -1069, -1069, -960, -960, -960, -960, -960, -960, -960, -960, -960, -960, -960, -960, -960, -935, -935, -935, -945, -945, -945, -945, -945, -935, -935, -935, -935, -935, -935, -935, -945, -935, -935, -935, -935, -935, -935, -935, -935, -935, -935, -935, -935, -935, -935, -935, -935, -935, -935, -935, -935, -935, -935, -935, -935, -935, -935, -935, -935, -935, -935, -935, -935, -935, -935, -935, -935, -935, -935, -935, -935, -935, -935, -935, -935, -935, -935, -935, -935, -935, -935, -935, -935, -935, -935, -935, -935, -935, -935, -935, -935, -935, -935, -935, -935, -935, -935, -935, -935, -935, -935, -935, -935, -935, -935, -935, -935, -935, -935, -935, -935, -935, -935, -935, -935, -935, -935, -935, -935, -935, -935, -935, -935, -935, -935, -935, -935, -935, -935, -935, -935, -935, -935, -935, -935, -935, -935, -935, -935, -935, -935, -935, -935, -935, -935, -935, -1066, -1066, -970, -970, -970, -970, -1376, -1376, -980, -980, -980, -980, -980, -980, -980, -980, -980, -980, -980, -1168, -1168, -1168, -1168, -980, -980, -980, -980, -980, -980, -980, -980, -955, -955, -955, -955, -955, -955, -955, -955, -940, -940, -940, -955, -955, -955, -955, -955, -955, -955, -955, -955, -955, -955, -955, -955, -955, -955, -955, -955, -955, -955, -955, -955, -955, -955, -955, -955, -955, -950, -950, -950, -950, -950, -950, -950, -950, -950, -950, -950, -950, -950, -950, -950, -950, -950, -950, -950, -945, -945, -950, -950, -950, -950, -950, -950, -950, -950, -950, -950, -950, -950, -950, -950, -950, -950, -950, -950, -950, -950, -950, -950, -950, -950, -950, -950, -975, -975, -975, -975, -975, -975, -975, -975, -1081, -1081, -1081, -1081, -1081, -1081, -1081, -1081, -1081, -1081, -1081, -1081, -1081, -1079, -950, -1081, -1081, -1081, -1081, -1081, -1081, -1081, -1081, -1081, -1081, -1081, -1081, -980, -980, -980, -980, -935, -1081, -1081, -1081, -1081, -1081, -1081, -1081, -1081, -1071, -1071, -1081, -950, -950, -950, -950, -1081, -1081, -1081, -1081, -1081, -1081, -950, -950, -950, -950, -950, -950, -950, -950, -935, -935, -935, -935, -935, -935, -935, -935, -935, -935, -935, -935, -935, -935, -935, -935, -935, -935, -935, -935, -935, -935, -935, -935, -935, -935, -935, -935, -935, -935, -935, -935, -935, -935, -935, -935, -935, -935, -935, -935, -935, -935, -935, -935, -935, -935, -935, -935, -935, -935, -935, -935, -935, -935, -935, -935, -935, -935, -935, -935, -935, -935, -935, -935, -945, -1044, -1044, -1044, -1044, -1044, -1039, -1044, -940, -940, -940, -940, -1044, -1044, -1044, -1044, -1044, -1044, -1044, -940, -940, -1044, -1044, -1044, -1044, -1044, -1044, -935, -935, -935, -1044, -1044, -1044, -1044, -1044, -1044, -1044, -1044, -1044, -1044, -1041, -1041, -940, -940, -1041, -935, -935, -935, -935, -935, -935, -1041, -1041, -1041, -1041, -1041, -1041, -1041, -1041, -1041, -1041, -1041, -935, -935, -935, -935, -935, -935, -935, -935, -935, -935, -935, -935, -935, -935, -935, -935, -935, -935, -935, -935, -935, -935, -935, -935, -935, -935, -935, -935, -935, -935, -935, -935, -935, -935, -935, -935, -935, -935, -935, -935, -935, -935, -935, -935, -935, -935, -935, -935, -935, -935, -935, -935, -935, -935, -935, -935, -935, -935, -935, -935, -935, -935, -935, -935, -935, -935, -935, -935, -935, -935, -935, -935, -935, -935, -935, -935, -935, -935, -935, -935, -935, -1044, -1044, -1044, -1044, -935, -1044, -1044, -1044, -1044, -950, -945, -945, -945, -1044, -1044, -1044, -1044, -1044, -945, -945, -945, -945, -945, -945, -945, -945, -945, -945, -945, -945, -945, -945, -945, -945, -945, -945, -945, -945, -945, -945, -945, -945, -945, -945, -945, -945, -945, -945, -945, -945, -945, -945, -935, -940, -945, -945, -945, -945, -945, -945, -945, -945, -945, -945, -945, -945, -945, -945, -945, -945, -945, -945, -945, -945, -945, -945, -945, -945, -945, -945, -945, -945, -945, -945, -945, -945, -945, -945, -945, -945, -945, -945, -945, -935, -945, -945, -945, -945, -945, -940, -935, -935, -935, -935, -935, -935, -935, -935, -935, -935, -935, -940, -940, -940, -940, -940, -940, -940, -940, -940, -940, -940, -940, -940, -940, -940, -940, -940, -940, -940, -940, -940, -940, -940, -940, -940, -940, -940, -940, -940, -940, -940, -940, -940, -940, -940, -940, -940, -940, -940, -940, -940, -940, -940, -940, -940, -940, -940, -940, -940, -940, -940, -940, -940, -940, -940, -940, -940, -940, -940, -940, -940, -940, -935, -935, -935, -935, -935, -935, -935, -935, -935, -935, -935, -935, -935, -935, -935, -935, -935, -935, -935, -935, -935, -935, -935, -935, -935, -935, -935, -935, -935, -935, -935, -935, -935, -935, -935, -935, -935, -935, -935, -935, -935, -935, -935, -935, -935, -935, -935, -935, -935, -935, -935, -935, -935, -935, -935, -935, -935, -935, -935, -935, -935, -935, -935, -935, -935, -935, -935, -935, -935, -935, -935, -935, -935, -935, -935, -935, -935, -935, -935, -935, -935, -935, -935, -935, -935, -935, -935, -935, -935, -935, -935, -935, -935, -935, -935, -935, -935, -935, -935, -935, -935, -935, -935, -935, -935, -935, -935, -935, -935, -935, -935, -935, -935, -935, -935, -935, -935, -935, -935, -935, -935, -935, -935, -935, -935, -935, -935, -935, -935, -935, -935, -935, -935, -935, -935, -935, -935, -935, -935, -935, -935, -935, -935, -935, -935, -935, -935, -935, -935, -935, -935, -935, -935, -935, -935, -935, -935, -935, -935, -935, -935, -935, -935, -935, -935, -935, -935, -935, -935, -935, -935, -935, -935, -935, -935, -935, -935, -935, -935, -935, -935, -935, -935, -935, -935, -935, -935, -935, -935, -935, -935, -935, -935, -935, -935, -935, -935, -935, -935, -935, -935, -935, -935, -935, -935, -935, -935, -935, -935, -935, -935, -935, -935, -935, -935, -935, -935, -935, -935, -935, -935, -935, -935, -935, -935, -935, -935, -935, -935, -935, -935, -935, -935, -935, -985, -985, -940, -940, -940, -940, -940, -940, -940, -940, -940, -940, -935, -940, -940, -940, -940, -940, -940, -940, -940, -940, -940, -940, -940, -940, -940, -940, -935, -935, -940, -940, -940, -940, -940, -940, -940, -940, -940, -940, -940, -940, -940, -940, -940, -940, -940, -940, -940, -940, -940, -940, -935, -935, -935, -935, -940, -940, -940, -935, -935, -935, -935, -935, -935, -935, -935, -935, -935, -935, -935, -935, -935, -935, -935, -935, -935, -935, -935, -935, -935, -935, -935, -935, -935, -935, -935, -935, -935, -935, -935, -935, -935, -935, -935, -935, -935, -935, -1247, -1247, -935, -935, -935, -935, -935, -935, -935, -935, -945, -945, -945, -945, -945, -945, -985, -985, -985, -985, -985, -985, -985, -985, -985, -985, -985, -985, -985, -985, -985, -985, -985, -985, -985, -985, -945, -985, -985, -985, -985, -985, -975, -975, -975, -975, -975, -975, -975, -970, -970, -975, -975, -975, -975, -975, -975, -975, -975, -980, -980, -980, -980, -980, -980, -980, -980, -980, -970, -970, -970, -970, -970, -960, -970, -970, -970, -970, -970, -970, -965, -965, -965, -970, -970, -955, -955, -955, -955, -955, -955, -955, -955, -950, -950, -950, -950, -950, -950, -950, -950, -950, -950, -950, -950, -950, -950, -950, -950, -950, -950, -950, -950, -950, -950, -950, -950, -950, -950, -950, -950, -950, -950, -950, -950, -950, -950, -950, -950, -950, -950, -950, -950, -950, -950, -950, -950, -950, -950, -950, -950, -950, -950, -950, -950, -950, -950, -950, -950, -950, -950, -950, -950, -950, -950, -950, -950, -950, -950, -950, -950, -950, -950, -950, -950, -950, -950, -950, -950, -950, -950, -950, -950, -950, -950, -950, -950, -950, -950, -950, -950, -950, -950, -950, -950, -950, -950, -950, -950, -950, -950, -950, -950, -950, -950, -950, -950, -950, -950, -950, -950, -950, -950, -950, -950, -950, -950, -950, -950, -950, -950, -950, -950, -950, -950, -950, -950, -950, -950, -950, -950, -950, -950, -950, -950, -950, -935, -935, -935, -935, -935, -935, -950, -950, -950, -950, -950, -950, -950, -950, -950, -950, -970, -970, -970, -970, -980, -980, -970, -970, -980, -970, -970, -970, -970, -970, -970, -970, -970, -970, -970, -970, -970, -970, -970, -970, -980, -980, -980, -980, -980, -980, -980, -980, -980, -980, -980, -980, -980, -980, -980, -980, -980, -980, -970, -980, -980, -970, -980, -980, -980, -980, -980, -980, -970, -970, -970, -970, -970, -970, -970, -970, -970, -970, -970, -970, -970, -970, -970, -970, -970, -970, -970, -970, -970, -970, -970, -970, -970, -970, -970, -970, -970, -970, -970, -970, -970, -970, -970, -970, -970, -970, -970, -970, -970, -970, -970, -970, -970, -970, -970, -970, -970, -970, -970, -970, -970, -970, -970, -970, -970, -970, -970, -970, -970, -970, -970, -970, -970, -970, -970, -970, -970, -970, -970, -970, -970, -970, -970, -970, -970, -970, -970, -970, -970, -970, -970, -970, -970, -970, -970, -970, -970, -970, -970, -970, -970, -970, -970, -970, -970, -970, -970, -970, -970, -970, -970, -970, -970, -970, -970, -970, -940, -940, -940, -940, -940, -940, -940, -940, -940, -940, -940, -940, -940, -940, -940, -940, -940, -940, -940, -960, -960, -960, -940, -940, -950, -950, -950, -950, -955, -955, -955, -955, -940, -935, -935, -955, -955, -955, -955, -955, -955, -955, -955, -955, -955, -955, -955, -955, -955, -955, -955, -955, -955, -955, -955, -955, -955, -955, -955, -955, -955, -955, -955, -955, -955, -955, -955, -955, -955, -955, -955, -955, -1292, -1292, -1173, -1173, -1198, -1198, -1015, -1228, -1228, -1228, -1228, -1228, -1228, -1228, -1228, -1228, -1228, -1228, -1228, -1228, -1228, -1228, -1228, -1228, -1228, -1228, -1228, -1228, -1228, -1228, -1228, -1228, -1228, -1228, -1228, -1228, -1228, -1228, -1228, -1228, -1228, -1228, -1183, -1183, -1183, -1183, -1228, -1025, -1025, -1025, -1025, -1025, -1025, -1025, -1025, -1025, -1025, -1025, -1025, -1025, -1025, -1025, -1025, -1025, -1025, -1025, -980, -1025, -1025, -1025, -1025, -1025, -1025, -1025, -1025, -1025, -1025, -1025, -1020, -1020, -1020, -1020, -1020, -1020, -1020, -1020, -1020, -1020, -1020, -1005, -1005, -1005, -1005, -1005, -1005, -1005, -1005, -1005, -1005, -1005, -1005, -1005, -1005, -1005, -1005, -1005, -1005, -1005, -1005, -1005, -1005, -1005, -1005, -1005, -1005, -1005, -960, -960, -960, -960, -960, -960, -960, -1005, -1005, -1005, -1005, -1005, -1005, -1005, -1005, -1005, -1005, -1005, -1005, -1005, -1005, -1005, -1005, -1005, -1005, -1005, -1005, -1005, -1005, -1005, -995, -995, -995, -995, -1005, -1005, -1005, -1005, -1005, -1005, -1005, -1005, -1005, -1005, -1005, -1005, -1020, -1020, -1020, -1020, -1020, -1020, -1020, -1020, -1020, -995, -1020, -1020, -1020, -1020, -975, -1020, -1020, -1020, -1015, -1015, -1015, -1015, -1015, -1015, -1015, -1015, -1015, -1015, -1015, -1015, -1015, -980, -1015, -1015, -1015, -1015, -1015, -1015, -1015, -1015, -1015, -1015, -1015, -1015, -1015, -1015, -1015, -1015, -1015, -1005, -1005, -1005, -1005, -1005, -1005, -1005, -1005, -1005, -1005, -1005, -1005, -1005, -1000, -1000, -1000, -990, -1005, -1005, -1005, -1005, -1005, -1005, -1005, -1005, -1005, -1005, -1005, -1005, -1005, -1005, -1005, -1005, -1005, -1005, -1005, -1005, -1035, -1035, -1035, -1030, -1030, -1030, -1030, -1030, -1035, -1035, -1035, -1035, -1035, -1035, -1035, -1035, -1035, -1035, -1035, -1035, -1035, -1035, -1035, -1035, -1035, -1035, -1035, -1035, -1035, -1035, -1035, -1010, -1010, -1005, -1035, -1005, -1005, -1005, -1005, -1005, -990, -990, -990, -1005, -990, -990, -990, -1005, -990, -990, -990, -1094, -1035, -995, -1035, -1035, -980, -980, -975, -975, -975, -975, -975, -1005, -1005, -1005, -1005, -1005, -1005, -1005, -1005, -1005, -1005, -1005, -1005, -1005, -1005, -1005, -1005, -985, -985, -985, -985, -985, -985, -985, -985, -985, -985, -1020, -1020, -1020, -1020, -1020, -1020, -1020, -1020, -1020, -1020, -1020, -1020, -1020, -1020, -1020, -1020, -1020, -1020, -1020, -1015, -1015, -1015, -1020, -1020, -1020, -1020, -1020, -1020, -1020, -1020, -1020, -1020, -1020, -1020, -1020, -1015, -1015, -1020, -1020, -1020, -1020, -1020, -1020, -1020, -1020, -1020, -1010, -1010, -1010, -1010, -1010, -990, -1010, -1010, -1010, -1010, -1010, -1010, -995, -995, -995, -995, -995, -990, -990, -1010, -1010, -1010, -1010, -1010, -1010, -1010, -1010, -1010, -1010, -1010, -1010, -1010, -1010, -1010, -1010, -1010, -1010, -1010, -1010, -1010, -1010, -1010, -1010, -1010, -1010, -1010, -1010, -1010, -1010, -1010, -1010, -1010, -1010, -1005, -1005, -1005, -1005, -1005, -1005, -1005, -1005, -1005, -1005, -1005, -1005, -1005, -1005, -1005, -1005, -1005, -1005, -1005, -1005, -1005, -1005, -1005, -1005, -1005, -1005, -1005, -1005, -1005, -1005, -1005, -1005, -1005, -1005, -1005, -1005, -1005, -1005, -1005, -1005, -1005, -1005, -1005, -1005, -1005, -1005, -1005, -1005, -1005, -1005, -1005, -1005, -1005, -1005, -1005, -1005, -1005, -1005, -1005, -1005, -1005, -1005, -1005, -995, -990, -990, -990, -1005, -1005, -1005, -1005, -1005, -1005, -1218, -1218, -1218, -1218, -1203, -1040, -1203, -1203, -1203, -1114, -1020, -1203, -1203, -1203, -1050, -1050, -1050, -1050, -1228, -1228, -1208, -1233, -1233, -1233, -1233, -1233, -1233, -1233, -1233, -1233, -1233, -1233, -1233, -1233, -1223, -1159, -1217, -1217, -1055, -1217, -1217, -1217, -1217, -1020, -1020, -1020, -1020, -1020, -1020, -1020, -1020, -1020, -1015, -1015, -1015, -1005, -1005, -1005, -990, -990, -990, -990, -1020, -1020, -1020, -1020, -1020, -1020, -1020, -1020, -1020, -1020, -1020, -1020, -1020, -1020, -1020, -1020, -1020, -1020, -1020, -1020, -1217, -1217, -1332, -1322, -1332, -1332, -1332, -1327, -1050, -1327, -1020, -1293, -1293, -1293, -1293, -1238, -1238, -1238, -1238, -1238, -1238, -1332, -1332, -1332, -1253, -1238, -1176, -1176, -1332, -1332, -1149, -1149, -1347, -1347, -1347, -1347, -1332, -1332, -1332, -1332, -1332, -1332, -1322, -1332, -1228, -1347, -1278, -1278, -1278, -1278, -1278, -1278, -1278, -1278, -1278, -1257, -1257, -1257, -1257, -1080, -1080, -1075, -1080, -1080, -1080, -1080, -1060, -1080, -1070, -1080, -1080, -1080, -1080, -1080, -1080, -1075, -1070, -1070, -1070, -1065, -1065, -1060, -1075, -1075, -1075, -1075, -1075, -1075, -1075, -1075, -1075, -1075, -1075, -1070, -1070, -1070, -1075, -1075, -1075, -1075, -1060, -1060, -1075, -1075, -1075, -1060, -1060, -1075, -1075, -1075, -1075, -1075, -1075, -1075, -1065, -1065, -1065, -1065, -1065, -1065, -1065, -1065, -1065, -1065, -1065, -1065, -1065, -1065, -1065, -1045, -1045, -1045, -1045, -1045, -1045, -1045, -1045, -1045, -1040, -1040, -1040, -1040, -1040, -1040, -1040, -1040, -1040, -1040, -1040, -1040, -1040, -1040, -1040, -1040, -1040, -1040, -1040, -1040, -1040, -1040, -1040, -1035, -1035, -1040, -1040, -1040, -1040, -1040, -1040, -1040, -1040, -1040, -1040, -1040, -1040, -1040, -1040, -1040, -1040, -1040, -1040, -1040, -1040, -1040, -1040, -1035, -1035, -1035, -1040, -1040, -1040, -1040, -1060, -1268, -1323, -1323, -1268, -1228, -1228, -1159, -1159, -1159, -1164, -1164, -1164, -1100, -1075, -1075, -1055, -1055, -1040, -1040, -1055, -1055, -1055, -1055, -1055, -1055, -1040, -1040, -1040, -1040, -1040, -1040, -1040, -1040, -1040, -1040, -1040, -1040, -1040, -1040, -1040, -1040, -1040, -1040, -1040, -1040, -1040, -1040, -1040, -1040, -1040, -1040, -1040, -1040, -1040, -1040, -1035, -1040, -1040, -1040, -1045, -1045, -1045, -1045, -1045, -1045, -1045, -1045, -1045, -1045, -1040, -1040, -1040, -1045, -1045, -1045, -1045, -1045, -1045, -1045, -1045, -1045, -1045, -1045, -1045, -1045, -1045, -1040, -1040, -1040, -1040, -1040, -1040, -1040, -1040, -1040, -1040, -1040, -1040, -1040, -1040, -1040, -1040, -1040, -1040, -1040, -1040, -1040, -1040, -1040, -1040, -1040, -1025, -1025, -1025, -1025, -1025, -1040, -1040, -1040, -1040, -1040, -1040, -1040, -1040, -1040, -1040, -1040, -1040, -1040, -1040, -1040, -1040, -1040, -1040, -1035, -1035, -1030, -1030, -1035, -1035, -1035, -1035, -1035, -1035, -1035, -1035, -1035, -1035, -1035, -1035, -1020, -1020, -1020, -1020, -1035, -1035, -1030, -1030, -1030, -1030, -1030, -1030, -1030, -1030, -1030, -1030, -1030, -1030, -1030, -1030, -1030, -1030, -1030, -1030, -1030, -1030, -1030, -1030, -1030, -1030, -1030, -1030, -1030, -1030, -1030, -1030, -1030, -1010, -1010, -1010, -1010, -1010, -1010, -1010, -1010, -1010, -1010, -1010, -1010, -1010, -1010, -1010, -1010, -1010, -1010, -1010, -1010, -1010, -1010, -1010, -1010, -1010, -1010, -1010, -1010, -1010, -1010, -1010, -1010, -1010, -1010, -1010, -1010, -1010, -1010, -1010, -1010, -1010, -1010, -1010, -1010, -1010, -1010, -1010, -1010, -1010, -1040, -1040, -1010, -1010, -1010, -1010, -1010, -1040, -1040, -1040, -1040, -1040, -1040, -1040, -1040, -1040, -1040, -1040, -1040, -1040, -1040, -1040, -1040, -1040, -1040, -1040, -1040, -1040, -1040, -1040, -1040, -1040, -1040, -1040, -1015, -1015, -1040, -1040, -1040, -1040, -1040, -1040, -1040, -1040, -1040, -1040, -1040, -1040, -1040, -1040, -1040, -1040, -1040, -1040, -1040, -1005, -1005, -1005, -1005, -1005, -1005, -1005, -990, -990, -1005, -1005, -1005, -1005, -1005, -990, -990, -990, -990, -990, -1005, -1005, -1005, -1005, -1005, -1005, -1005, -1005, -1005, -1005, -1005, -1005, -1005, -1005, -1005, -1005, -1005, -1005, -1005, -1005, -1005, -1005, -1005, -1005, -1005, -1005, -1005, -1005, -1005, -1005, -1005, -1005, -1005, -1005, -1005, -1005, -1005, -1005, -1005, -1000, -1005, -1005, -1005, -1005, -1005, -1005, -1005, -1005, -1005, -1005, -1005, -1005, -1005, -1005, -1005, -1005, -1005, -1005, -1005, -1005, -1005, -1005, -1005, -975, -975, -975, -1005, -1005, -1005, -1005, -1005, -1005, -1005, -1005, -1005, -1005, -1005, -1005, -1005, -1005, -1005, -1005, -1005, -1005, -1005, -1005, -1005, -1005, -1005, -1119, -1119, -1442, -1446, -1461, -1436, -1362, -1362, -1362, -1362, -1535, -1535, -1525, -1535, -1535, -1535, -1327, -1327, -1327, -1327, -1327, -1327, -1327, -1327, -1327, -1327, -1268, -1268, -1268, -1268, -1268, -1268, -1268, -1268, -1268, -1268, -1268, -1238, -1238, -1208, -1154, -1104, -1104, -1104, -1104, -1104, -1104, -1104, -1094, -1094, -1094, -1094, -1104, -1104, -1094, -1094, -1104, -1104, -1104, -1104, -1104, -1104, -1104, -1104, -1104, -1104, -1079, -1074, -1074, -1074, -1074, -1074, -1074, -1074, -1074, -1074, -1074, -1074, -1074, -1074, -1074, -1074, -1074, -990, -990, -990, -990, -990, -960, -960, -960, -960, -960, -960, -960, -960, -960, -960, -960, -950, -950, -950, -950, -950, -950, -990, -990, -960, -960, -960, -960, -960, -960, -960, -960, -960, -960, -960, -960, -960, -960, -960, -960, -960, -960, -960, -960, -960, -960, -960, -960, -960, -960, -980, -990, -990, -990, -990, -990, -990, -990, -960, -960]
