Selecci칩n Ruleta
Cruzamiento Uniforme 0.2
Mutaci칩n Gaussiana 0.5 0.5

Resultado obtenido en 26785 iteraciones.
Aptitud: -935
Mejor genotipo: [[[50],[0],[0],[0],[0]],[[100],[100],[0],[100],[100]],[[60],[60],[0],[60],[60]],[[0],[0],[0],[0],[100]],[[50],[50],[50],[50],[50]]]

Resultado obtenido en 17331 iteraciones.
Aptitud: -935
Mejor genotipo: [[[50],[0],[0],[0],[0]],[[100],[100],[0],[100],[100]],[[60],[60],[0],[60],[60]],[[0],[0],[100],[0],[0]],[[50],[50],[50],[50],[50]]]

Resultado obtenido en 13823 iteraciones.
Aptitud: -935
Mejor genotipo: [[[50],[0],[0],[0],[0]],[[100],[100],[0],[100],[100]],[[0],[60],[60],[60],[60]],[[0],[0],[0],[0],[100]],[[50],[50],[50],[50],[50]]]

Resultado obtenido en 12519 iteraciones.
Aptitud: -935
Mejor genotipo: [[[50],[0],[0],[0],[0]],[[100],[100],[0],[100],[100]],[[60],[0],[60],[60],[60]],[[100],[0],[0],[0],[0]],[[50],[50],[50],[50],[50]]]

Resultado obtenido en 17986 iteraciones.
Aptitud: -935
Mejor genotipo: [[[50],[0],[0],[0],[0]],[[100],[100],[0],[100],[100]],[[60],[60],[0],[60],[60]],[[0],[0],[100],[0],[0]],[[50],[50],[50],[50],[50]]]

Resultado obtenido en 15365 iteraciones.
Aptitud: -935
Mejor genotipo: [[[50],[0],[0],[0],[0]],[[100],[100],[0],[100],[100]],[[0],[60],[60],[60],[60]],[[0],[0],[0],[0],[100]],[[50],[50],[50],[50],[50]]]

Resultado obtenido en 12062 iteraciones.
Aptitud: -935
Mejor genotipo: [[[50],[0],[0],[0],[0]],[[100],[100],[0],[100],[100]],[[60],[0],[60],[60],[60]],[[100],[0],[0],[0],[0]],[[50],[50],[50],[50],[50]]]

Resultado obtenido en 12339 iteraciones.
Aptitud: -940
Mejor genotipo: [[[50],[0],[0],[0],[0]],[[100],[100],[0],[95],[100]],[[60],[0],[60],[60],[60]],[[0],[0],[100],[0],[0]],[[50],[50],[50],[50],[50]]]

Resultado obtenido en 11454 iteraciones.
Aptitud: -940
Mejor genotipo: [[[50],[0],[0],[0],[0]],[[100],[100],[0],[100],[100]],[[35],[60],[60],[60],[30]],[[0],[0],[100],[0],[0]],[[50],[50],[50],[50],[50]]]

Resultado obtenido en 13728 iteraciones.
Aptitud: -935
Mejor genotipo: [[[50],[0],[0],[0],[0]],[[100],[100],[0],[100],[100]],[[0],[60],[60],[60],[60]],[[0],[0],[0],[0],[100]],[[50],[50],[50],[50],[50]]]

La cantidad promedio de iteraciones fueron 15339.2 y la m치xima fue de 26785
Hubieron 8 resultado(s) con el valor de aptitud -935, que fue el mas alto.
La menor cantidad de iteraciones para llegar al mejor resultado fue de 12062. El genotipo fue:
[[[50],[0],[0],[0],[0]],[[100],[100],[0],[100],[100]],[[60],[0],[60],[60],[60]],[[100],[0],[0],[0],[0]],[[50],[50],[50],[50],[50]]]

Los datos de aptitud por iteraci칩n son:
[-504300, -504327, -405313, -405080, -104973, -104552, -104227, -103592, -103424, -103592, -4176, -4008, -3899, -2768, -2768, -2768, -2768, -2337, -2337, -2225, -2446, -2312, -2312, -2312, -2441, -2120, -2120, -2070, -1778, -1778, -1778, -1778, -1778, -1783, -1758, -1758, -1758, -1813, -1966, -1753, -2025, -2065, -2065, -2065, -1971, -2090, -1996, -2055, -1788, -1788, -2200, -1956, -2109, -2193, -2129, -2000, -2000, -2000, -2000, -2096, -2096, -1878, -1878, -1878, -1878, -1878, -1951, -2288, -2288, -1902, -1902, -2016, -2016, -2031, -1951, -1708, -1708, -1668, -1668, -1668, -1663, -1550, -1550, -1550, -1549, -1565, -1619, -1619, -1619, -1619, -1619, -1619, -1619, -1529, -1505, -1529, -1519, -1619, -1619, -1619, -1619, -1619, -1619, -1619, -1609, -1619, -1619, -1619, -1619, -1619, -1589, -1619, -1619, -1619, -1619, -1619, -1619, -1619, -1619, -1505, -1594, -1549, -1594, -1609, -1609, -1609, -1609, -1609, -1609, -1609, -1609, -1619, -1619, -1619, -1619, -1515, -1688, -1688, -1619, -1490, -1500, -1500, -1490, -1490, -1490, -1490, -1490, -1490, -1490, -1460, -1460, -1460, -1460, -1460, -1485, -1425, -1495, -1495, -1586, -1581, -1581, -1581, -1581, -1581, -1581, -1581, -1581, -1581, -1581, -1581, -1581, -1586, -1586, -1586, -1586, -1571, -1571, -1505, -1505, -1505, -1634, -1634, -1634, -1634, -1515, -1515, -1515, -1515, -1515, -1485, -1485, -1475, -1475, -1485, -1485, -1475, -1485, -1485, -1485, -1460, -1460, -1475, -1485, -1490, -1475, -1475, -1475, -1475, -1475, -1475, -1475, -1470, -1470, -1470, -1465, -1465, -1465, -1465, -1465, -1465, -1465, -1465, -1465, -1450, -1450, -1445, -1445, -1445, -1445, -1450, -1450, -1430, -1450, -1450, -1450, -1450, -1450, -1450, -1450, -1450, -1450, -1450, -1450, -1435, -1435, -1435, -1450, -1450, -1450, -1445, -1450, -1450, -1450, -1450, -1539, -1539, -1425, -1425, -1539, -1521, -1470, -1521, -1521, -1521, -1521, -1546, -1546, -1546, -1546, -1546, -1539, -1539, -1546, -1546, -1546, -1546, -1536, -1546, -1521, -1521, -1521, -1521, -1521, -1506, -1506, -1511, -1511, -1511, -1511, -1511, -1516, -1516, -1516, -1516, -1625, -1625, -1709, -1648, -1615, -1615, -1600, -1605, -1531, -1554, -1554, -1600, -1600, -1590, -1610, -1610, -1620, -1620, -1620, -1620, -1620, -1620, -1625, -1610, -1610, -1610, -1625, -1699, -1699, -1699, -1491, -1612, -1481, -1481, -1481, -1481, -1481, -1699, -1697, -1699, -1699, -1676, -1699, -1699, -1699, -1699, -1659, -1699, -1694, -1699, -1578, -1578, -1578, -1578, -1578, -1578, -1578, -1578, -1578, -1578, -1454, -1469, -1469, -1469, -1459, -1479, -1479, -1474, -1474, -1578, -1578, -1578, -1578, -1578, -1578, -1578, -1583, -1578, -1583, -1583, -1558, -1583, -1583, -1583, -1583, -1563, -1563, -1563, -1444, -1444, -1444, -1444, -1444, -1444, -1444, -1444, -1444, -1444, -1444, -1434, -1434, -1469, -1469, -1469, -1592, -1592, -1592, -1592, -1587, -1592, -1592, -1592, -1567, -1567, -1567, -1567, -1567, -1562, -1562, -1562, -1562, -1354, -1354, -1354, -1354, -1354, -1354, -1354, -1349, -1349, -1354, -1463, -1463, -1463, -1463, -1463, -1463, -1463, -1463, -1463, -1463, -1463, -1265, -1265, -1265, -1265, -1265, -1265, -1265, -1265, -1265, -1265, -1265, -1265, -1265, -1245, -1235, -1235, -1235, -1220, -1235, -1349, -1235, -1522, -1522, -1522, -1522, -1522, -1522, -1522, -1512, -1512, -1512, -1512, -1512, -1512, -1512, -1512, -1512, -1512, -1507, -1512, -1512, -1517, -1517, -1438, -1423, -1438, -1493, -1493, -1408, -1408, -1408, -1408, -1408, -1408, -1408, -1408, -1443, -1517, -1517, -1403, -1403, -1329, -1403, -1403, -1344, -1403, -1403, -1344, -1314, -1279, -1279, -1279, -1279, -1279, -1274, -1274, -1279, -1279, -1279, -1279, -1279, -1279, -1279, -1279, -1279, -1279, -1279, -1279, -1279, -1264, -1279, -1462, -1284, -1284, -1284, -1462, -1368, -1427, -1383, -1413, -1269, -1413, -1413, -1259, -1259, -1259, -1249, -1249, -1249, -1234, -1234, -1234, -1229, -1234, -1427, -1254, -1254, -1254, -1244, -1244, -1244, -1244, -1244, -1427, -1427, -1412, -1313, -1422, -1422, -1427, -1427, -1427, -1427, -1427, -1432, -1432, -1625, -1630, -1630, -1536, -1536, -1536, -1398, -1348, -1398, -1398, -1348, -1398, -1339, -1339, -1339, -1314, -1355, -1320, -1413, -1500, -1500, -1348, -1348, -1348, -1348, -1348, -1343, -1343, -1348, -1323, -1323, -1323, -1323, -1323, -1323, -1313, -1219, -1219, -1219, -1219, -1219, -1219, -1194, -1219, -1219, -1219, -1194, -1219, -1219, -1219, -1234, -1234, -1234, -1234, -1234, -1234, -1229, -1229, -1229, -1115, -1214, -1209, -1229, -1224, -1224, -1224, -1105, -1224, -1224, -1224, -1224, -1224, -1229, -1229, -1229, -1229, -1229, -1229, -1229, -1229, -1234, -1333, -1333, -1333, -1333, -1333, -1229, -1333, -1333, -1333, -1333, -1333, -1229, -1224, -1115, -1115, -1115, -1140, -1140, -1140, -1140, -1140, -1140, -1140, -1115, -1199, -1199, -1199, -1199, -1199, -1199, -1199, -1199, -1184, -1204, -1204, -1204, -1204, -1204, -1095, -1204, -1204, -1204, -1095, -1095, -1095, -1095, -1095, -1179, -1184, -1184, -1179, -1179, -1204, -1189, -1204, -1204, -1204, -1115, -1204, -1204, -1204, -1199, -1199, -1199, -1199, -1204, -1199, -1199, -1199, -1204, -1204, -1204, -1204, -1204, -1204, -1204, -1204, -1204, -1080, -1080, -1080, -1080, -1080, -1080, -1080, -1080, -1080, -1080, -1080, -1080, -1080, -1075, -1075, -1075, -1075, -1075, -1075, -1075, -1075, -1075, -1075, -1075, -1075, -1075, -1075, -1075, -1075, -1075, -1075, -1075, -1075, -1075, -1075, -1075, -1075, -1075, -1075, -1075, -1075, -1179, -1179, -1184, -1075, -1184, -1105, -1085, -1105, -1105, -1105, -1105, -1090, -1090, -1090, -1090, -1214, -1150, -1214, -1140, -1065, -1065, -1065, -1065, -1065, -1065, -1065, -1060, -1055, -1055, -1055, -1055, -1055, -1055, -1055, -1065, -1065, -1060, -1060, -1060, -1060, -1060, -1060, -1060, -1060, -1060, -1055, -1055, -1055, -1055, -1055, -1055, -1055, -1055, -1055, -1050, -1050, -1050, -1050, -1055, -1055, -1055, -1055, -1055, -1055, -1055, -1055, -1055, -1055, -1055, -1055, -1055, -1055, -1050, -1050, -1050, -1050, -1050, -1050, -1050, -1060, -1050, -1060, -1060, -1065, -1065, -1065, -1065, -1065, -1000, -1000, -1000, -1000, -1000, -1000, -1000, -1000, -1000, -1000, -1000, -1000, -1000, -1000, -1000, -1000, -1000, -1000, -1000, -970, -1000, -1000, -1000, -1000, -1000, -1000, -1000, -1000, -1000, -1000, -1000, -1000, -1000, -1000, -1000, -1000, -1000, -1000, -1060, -1060, -1060, -1000, -1000, -1000, -1000, -1000, -1000, -1000, -1000, -990, -990, -990, -990, -990, -990, -990, -990, -990, -990, -990, -990, -995, -995, -995, -995, -995, -995, -995, -995, -995, -970, -970, -970, -970, -970, -970, -970, -970, -965, -970, -970, -970, -970, -970, -965, -965, -965, -965, -965, -965, -965, -965, -965, -965, -965, -965, -965, -965, -965, -965, -965, -965, -965, -965, -965, -965, -965, -965, -965, -965, -965, -965, -965, -965, -965, -965, -965, -965, -965, -965, -965, -965, -965, -965, -965, -965, -965, -965, -965, -955, -955, -955, -955, -965, -965, -965, -965, -965, -965, -965, -965, -965, -965, -965, -965, -965, -965, -965, -965, -965, -965, -965, -965, -965, -965, -965, -965, -965, -965, -965, -965, -965, -965, -965, -965, -965, -945, -945, -945, -945, -1074, -1074, -1074, -1074, -1074, -1074, -1074, -1074, -1074, -1074, -1074, -1074, -1074, -1074, -1074, -1074, -1188, -1312, -1312, -1089, -1089, -1153, -1153, -1153, -1153, -945, -945, -945, -945, -1049, -1049, -1049, -1049, -1054, -1054, -1054, -1054, -945, -1152, -1152, -970, -970, -970, -970, -970, -970, -970, -970, -970, -970, -975, -970, -985, -985, -970, -970, -970, -970, -970, -955, -970, -970, -970, -970, -970, -970, -970, -965, -965, -965, -965, -965, -965, -965, -965, -960, -960, -960, -960, -960, -960, -960, -960, -960, -960, -960, -960, -960, -960, -960, -960, -960, -960, -960, -960, -960, -960, -960, -960, -960, -960, -960, -960, -960, -960, -960, -960, -960, -965, -960, -985, -1005, -960, -960, -960, -1005, -1005, -1010, -1005, -1005, -985, -1010, -1010, -1010, -1010, -1010, -1010, -1010, -1010, -1010, -1010, -1010, -1010, -1010, -1010, -1010, -1010, -1010, -1010, -1010, -1010, -1010, -1010, -1010, -1010, -1010, -970, -970, -970, -970, -970, -970, -980, -980, -980, -980, -980, -980, -980, -980, -980, -980, -980, -980, -980, -980, -980, -980, -980, -980, -980, -980, -980, -980, -980, -1000, -1000, -990, -990, -980, -990, -990, -990, -990, -990, -990, -990, -990, -1015, -1015, -990, -1079, -1079, -975, -975, -975, -975, -975, -965, -965, -965, -965, -965, -965, -965, -965, -965, -965, -965, -980, -975, -975, -970, -975, -975, -975, -975, -965, -975, -975, -975, -975, -975, -1010, -1010, -1111, -1010, -1010, -1010, -1035, -1000, -1000, -1000, -1000, -1035, -1035, -1035, -1035, -1035, -995, -1025, -1025, -1025, -1025, -1035, -1035, -1035, -1035, -1035, -1035, -1030, -1030, -1030, -1030, -1030, -1030, -1030, -1030, -1030, -1030, -1030, -1030, -1030, -985, -1030, -1030, -1030, -1030, -985, -985, -1030, -1030, -1000, -1000, -1000, -1000, -1000, -1000, -1000, -1000, -1000, -1000, -1000, -1000, -1000, -1000, -1000, -1000, -1000, -1000, -1000, -1000, -1000, -1000, -1015, -1045, -1025, -1065, -1065, -1060, -1065, -1065, -1065, -1065, -1065, -1065, -1020, -1065, -1065, -1065, -1065, -1065, -1065, -1065, -1065, -1065, -1065, -1065, -995, -1065, -1065, -1065, -1080, -1278, -1120, -1105, -1120, -1090, -1253, -1248, -1080, -1080, -1080, -1278, -1278, -1268, -1268, -1070, -1189, -1189, -1189, -1075, -1075, -1075, -1075, -1065, -1060, -1075, -1075, -1075, -1075, -1065, -1065, -1075, -1075, -1075, -1075, -1075, -1075, -1075, -1075, -1332, -1233, -1252, -1131, -1131, -1252, -1233, -1146, -1146, -1146, -1146, -1035, -1146, -1146, -1070, -1070, -1141, -1141, -1141, -1141, -1141, -1141, -1141, -1141, -1141, -1141, -1141, -1141, -1141, -1141, -1141, -1141, -1141, -1146, -1146, -1146, -1146, -1146, -1146, -1146, -1146, -1146, -1146, -1146, -1146, -1146, -1146, -1151, -1151, -1151, -1151, -1151, -1151, -1025, -1025, -1025, -1010, -1025, -1025, -1025, -1025, -1025, -1025, -1025, -1025, -1025, -1025, -1025, -1025, -1025, -1025, -1025, -1025, -1025, -1025, -1025, -1025, -1025, -1025, -1025, -1025, -1025, -1025, -1025, -1025, -1025, -1020, -1010, -1010, -1010, -1010, -1015, -1015, -1025, -1025, -1025, -1025, -1040, -1025, -1025, -1040, -1040, -1025, -1010, -1025, -1040, -1040, -1040, -1040, -995, -995, -995, -995, -995, -980, -980, -980, -980, -980, -980, -980, -980, -980, -980, -980, -980, -980, -980, -995, -995, -980, -980, -980, -980, -980, -980, -945, -945, -980, -980, -980, -980, -980, -980, -980, -980, -980, -980, -980, -995, -995, -1000, -980, -980, -980, -995, -980, -995, -995, -960, -960, -985, -1005, -980, -965, -980, -980, -980, -980, -980, -975, -980, -980, -980, -980, -980, -980, -980, -980, -980, -980, -980, -980, -980, -980, -980, -980, -980, -980, -980, -980, -980, -980, -980, -980, -980, -980, -980, -980, -980, -980, -980, -980, -980, -980, -980, -980, -980, -980, -980, -980, -1079, -1079, -1094, -1089, -1089, -980, -1089, -1094, -1084, -1084, -1084, -1084, -1084, -1084, -1094, -1094, -995, -995, -995, -995, -995, -995, -1099, -1228, -1119, -1119, -1119, -1119, -1119, -1119, -1119, -1119, -1119, -1119, -1119, -1119, -1094, -1094, -1094, -1094, -1094, -1094, -1094, -1065, -1094, -1094, -1094, -960, -960, -1094, -1089, -1094, -1084, -1084, -990, -990, -990, -990, -990, -990, -990, -990, -990, -965, -965, -965, -965, -965, -965, -965, -965, -965, -965, -965, -965, -965, -965, -965, -965, -950, -965, -950, -950, -965, -965, -950, -950, -950, -950, -950, -950, -950, -950, -950, -965, -965, -965, -965, -965, -965, -965, -965, -965, -965, -965, -965, -965, -965, -965, -965, -965, -965, -965, -965, -965, -950, -965, -965, -965, -965, -965, -965, -965, -965, -965, -965, -965, -965, -965, -965, -965, -965, -965, -965, -950, -950, -950, -950, -940, -950, -950, -950, -950, -950, -950, -950, -1262, -1262, -1267, -1322, -980, -970, -970, -970, -970, -970, -965, -965, -965, -990, -1051, -1051, -945, -1051, -1059, -1059, -1059, -1059, -1059, -1059, -1208, -1208, -1218, -1362, -1362, -1362, -1160, -1362, -1362, -1362, -1362, -1362, -1362, -1163, -1163, -1089, -1089, -1089, -990, -990, -990, -960, -945, -945, -945, -945, -945, -945, -945, -945, -945, -945, -945, -945, -945, -945, -945, -940, -940, -940, -945, -945, -940, -940, -940, -945, -940, -940, -940, -940, -940, -945, -945, -945, -940, -940, -940, -940, -945, -945, -945, -945, -945, -945, -945, -950, -950, -950, -945, -950, -950, -950, -950, -950, -950, -950, -950, -950, -950, -965, -960, -960, -960, -960, -960, -960, -960, -960, -960, -960, -960, -960, -960, -960, -960, -960, -970, -960, -965, -960, -960, -960, -960, -960, -960, -960, -960, -960, -960, -960, -960, -960, -970, -970, -970, -970, -970, -970, -970, -970, -970, -970, -970, -970, -970, -970, -970, -970, -970, -965, -965, -965, -965, -970, -970, -970, -970, -970, -970, -970, -970, -970, -970, -970, -970, -970, -970, -970, -970, -970, -970, -970, -970, -970, -970, -970, -970, -970, -970, -970, -970, -970, -970, -980, -980, -970, -970, -970, -970, -970, -970, -970, -965, -965, -965, -965, -970, -970, -970, -970, -970, -970, -970, -970, -970, -970, -970, -970, -965, -970, -965, -965, -965, -965, -955, -965, -965, -965, -965, -965, -965, -965, -965, -965, -965, -965, -965, -965, -965, -965, -965, -965, -965, -965, -965, -965, -965, -965, -965, -965, -965, -965, -965, -965, -965, -965, -965, -965, -965, -965, -965, -965, -965, -965, -965, -965, -965, -965, -965, -965, -970, -970, -970, -970, -970, -965, -965, -965, -970, -970, -970, -970, -970, -965, -965, -965, -965, -965, -965, -965, -965, -965, -965, -965, -965, -965, -965, -965, -965, -965, -965, -965, -965, -965, -965, -965, -965, -965, -965, -965, -965, -965, -965, -965, -965, -965, -965, -965, -965, -965, -935, -935, -965, -965, -965, -965, -965, -960, -960, -960, -960, -965, -965, -965, -965, -960, -965, -965, -960, -965, -965, -960, -965, -965, -965, -965, -965, -965, -965, -960, -960, -960, -960, -965, -965, -965, -960, -965, -965, -980, -965, -965, -965, -980, -980, -980, -980, -980, -980, -980, -980, -980, -980, -980, -980, -980, -980, -980, -980, -980, -970, -970, -980, -980, -980, -980, -980, -980, -980, -970, -980, -980, -980, -980, -980, -980, -980, -980, -975, -975, -975, -975, -975, -975, -975, -975, -975, -975, -975, -960, -960, -965, -965, -965, -965, -965, -965, -965, -965, -965, -960, -960, -960, -960, -960, -960, -960, -960, -965, -965, -965, -965, -965, -965, -965, -965, -965, -965, -965, -965, -965, -965, -965, -965, -965, -965, -965, -965, -965, -965, -1069, -1069, -1069, -1069, -1069, -1084, -1084, -1084, -1079, -1079, -1079, -1069, -1069, -1084, -1089, -990, -990, -990, -990, -990, -990, -990, -980, -990, -990, -990, -990, -990, -990, -990, -980, -980, -980, -990, -990, -1000, -1000, -990, -990, -1000, -1000, -975, -975, -1005, -1005, -995, -995, -995, -1084, -1297, -1213, -1213, -1213, -1213, -1213, -1010, -1010, -1005, -1005, -1005, -1005, -1005, -1104, -1104, -1104, -1104, -1104, -1104, -1104, -1104, -1104, -1104, -1104, -1094, -1094, -1094, -1104, -1104, -1104, -1104, -1104, -1104, -1104, -1015, -1015, -1015, -1015, -1015, -1015, -1000, -1015, -1015, -1015, -1015, -1015, -1005, -1005, -985, -985, -985, -985, -985, -985, -985, -985, -985, -985, -985, -985, -985, -985, -985, -985, -985, -985, -985, -985, -985, -985, -985, -1010, -985, -1010, -1010, -1010, -1010, -995, -995, -995, -995, -995, -995, -995, -995, -985, -995, -995, -995, -995, -995, -995, -995, -995, -995, -995, -995, -995, -995, -995, -995, -995, -995, -995, -995, -995, -995, -995, -995, -995, -995, -995, -995, -995, -995, -995, -995, -995, -995, -995, -995, -995, -995, -995, -995, -995, -995, -995, -995, -995, -980, -980, -980, -980, -1000, -1000, -1000, -1000, -1000, -1000, -1000, -1015, -1000, -1173, -1193, -1193, -1297, -1297, -1297, -1297, -1294, -1154, -1154, -1178, -1178, -1322, -1322, -1322, -1314, -1314, -1208, -1302, -1302, -1302, -1302, -1218, -1218, -1218, -1218, -1218, -1218, -1218, -995, -1129, -1129, -1129, -1124, -1114, -1020, -1015, -1000, -1005, -1005, -1124, -1124, -1129, -1129, -1124, -1124, -1243, -1248, -1248, -1248, -1149, -1149, -1149, -1154, -1134, -1154, -1352, -1268, -1238, -1238, -1124, -1124, -1124, -1248, -1248, -1243, -1233, -1243, -1079, -1258, -1248, -1154, -1154, -1025, -1144, -1248, -1248, -1248, -1090, -1100, -1243, -1154, -1154, -1154, -1045, -1045, -1045, -1154, -1154, -1154, -1154, -1134, -1114, -1114, -1114, -1114, -1005, -1134, -1134, -1030, -1134, -1025, -1025, -1020, -1020, -1020, -1005, -1005, -1005, -1005, -1005, -1005, -1005, -1005, -1015, -1015, -1000, -1020, -1015, -1020, -1020, -1020, -1020, -1020, -1020, -1020, -1020, -1020, -1020, -1020, -1020, -1020, -1020, -1020, -1020, -1020, -1020, -1020, -1020, -1020, -1020, -1020, -1020, -1020, -1020, -1020, -1005, -1020, -1020, -1020, -1020, -1020, -1020, -1020, -1020, -1020, -1020, -1020, -1020, -1020, -1020, -1020, -1010, -1010, -1005, -1005, -1005, -1005, -1005, -1005, -1005, -1005, -1005, -1005, -1005, -1005, -1005, -1005, -1005, -1005, -1005, -1005, -1005, -1005, -1005, -1005, -1005, -1005, -1005, -985, -1005, -1005, -1005, -1005, -1005, -1005, -1005, -1005, -1005, -1005, -1005, -1005, -1005, -1005, -1005, -1005, -1005, -1005, -1005, -1005, -1005, -1005, -1005, -1005, -1005, -1005, -1005, -1005, -1005, -1005, -1005, -1005, -1005, -1005, -1005, -1005, -1005, -1005, -1005, -1005, -1005, -1005, -1005, -1005, -1005, -1005, -1005, -1005, -1005, -1005, -1005, -1005, -1005, -1005, -1005, -1005, -1005, -1005, -1005, -1005, -1109, -1109, -1109, -1109, -1109, -1109, -1025, -1025, -1025, -1025, -1025, -1025, -1010, -1025, -1154, -1149, -1040, -1040, -1040, -1040, -1040, -1040, -1040, -1040, -1040, -1040, -1035, -1035, -1035, -1035, -1040, -1040, -1040, -1040, -1040, -1040, -1040, -1040, -1040, -1040, -1040, -1035, -1035, -1035, -1035, -1035, -1015, -1015, -1015, -1015, -1015, -1015, -1015, -1015, -1015, -1015, -1015, -1015, -1015, -1015, -1015, -1015, -1020, -1020, -1020, -1020, -1015, -1020, -1020, -1020, -1020, -1020, -1020, -1020, -1020, -1020, -1015, -1020, -1020, -1020, -1020, -1020, -1020, -1020, -1020, -1020, -1020, -1020, -1020, -1020, -1020, -1020, -1010, -1020, -1005, -1020, -1020, -1020, -1020, -1020, -1020, -1020, -1020, -1020, -1020, -1020, -1005, -1005, -1005, -1005, -1005, -1005, -1005, -1005, -1005, -1005, -1005, -1005, -1005, -1005, -1005, -1005, -1005, -1005, -1005, -1005, -1005, -1005, -1005, -1005, -1005, -1005, -1005, -1005, -1005, -1005, -1005, -1005, -1005, -1005, -1005, -1005, -1005, -1005, -1005, -1010, -1010, -1010, -1020, -1020, -1020, -1020, -1020, -1020, -1020, -1020, -1020, -1020, -1020, -1020, -1020, -1020, -1020, -1020, -1050, -1050, -1050, -1050, -1050, -1050, -1050, -1050, -1025, -1035, -1020, -1050, -1010, -1010, -1010, -1020, -1020, -1229, -1229, -1372, -1372, -1362, -1362, -1308, -1130, -1130, -1090, -1005, -1005, -1005, -1005, -1005, -1005, -1005, -1005, -1070, -1070, -1181, -1181, -1181, -1181, -1181, -1181, -1181, -1169, -1181, -1136, -1111, -1136, -1136, -1136, -1136, -1126, -1040, -1136, -1136, -1136, -1149, -1149, -1149, -1144, -1144, -1149, -1149, -1149, -1149, -1149, -1144, -1144, -1144, -1144, -1149, -1045, -1149, -1149, -1149, -1149, -1149, -1149, -1149, -1149, -1144, -1149, -1134, -1139, -1139, -1139, -1124, -1124, -1139, -1139, -1154, -1154, -1050, -1050, -1050, -1050, -1050, -1050, -1050, -1050, -1050, -1050, -1050, -1050, -1040, -1040, -1040, -1040, -1040, -1040, -1040, -1040, -1040, -1234, -1179, -1234, -1308, -1308, -1308, -1308, -1308, -1308, -1194, -1189, -1189, -1189, -1095, -1095, -1095, -1189, -1318, -1318, -1318, -1412, -1541, -1412, -1412, -1358, -1383, -1610, -1630, -1630, -1556, -1551, -1551, -1551, -1556, -1556, -1259, -1452, -1452, -1452, -1452, -1244, -1244, -1244, -1244, -1244, -1244, -1244, -1244, -1244, -1244, -1224, -1229, -1244, -1452, -1472, -1442, -1442, -1442, -1759, -1442, -1442, -1348, -1472, -1496, -1472, -1447, -1378, -1378, -1209, -1378, -1432, -1432, -1432, -1174, -1174, -1174, -1368, -1368, -1368, -1368, -1293, -1293, -1293, -1234, -1234, -1234, -1234, -1214, -1214, -1249, -1249, -1338, -1318, -1432, -1432, -1432, -1417, -1382, -1382, -1382, -1397, -1397, -1397, -1397, -1417, -1417, -1417, -1417, -1407, -1407, -1407, -1407, -1407, -1407, -1506, -1417, -1417, -1412, -1506, -1506, -1372, -1372, -1298, -1298, -1075, -1075, -1090, -1303, -1308, -1209, -1209, -1209, -1239, -1239, -1239, -1407, -1293, -1293, -1427, -1501, -1501, -1303, -1303, -1303, -1303, -1224, -1184, -1105, -1105, -1105, -1105, -1105, -1105, -1189, -1189, -1189, -1209, -1209, -1100, -1209, -1140, -1140, -1214, -1214, -1194, -1194, -1070, -1070, -1194, -1189, -1189, -1189, -1189, -1189, -1179, -1179, -1179, -1174, -1189, -1184, -1090, -1184, -1184, -1184, -1184, -1189, -1189, -1179, -1159, -1184, -1189, -1189, -1189, -1189, -1184, -1080, -1184, -1184, -1184, -1184, -1184, -1184, -1189, -1189, -1189, -1189, -1189, -1189, -1189, -1189, -1402, -1402, -1442, -1442, -1432, -1432, -1303, -1432, -1432, -1328, -1184, -1184, -1120, -1402, -1407, -1407, -1412, -1412, -1412, -1412, -1303, -1308, -1323, -1308, -1308, -1234, -1303, -1288, -1288, -1288, -1288, -1189, -1288, -1288, -1288, -1288, -1189, -1080, -1179, -1189, -1184, -1189, -1115, -1184, -1184, -1184, -1184, -1184, -1184, -1184, -1184, -1184, -1189, -1407, -1318, -1382, -1070, -1392, -1392, -1105, -1105, -1105, -1105, -1065, -1065, -1065, -1065, -1080, -1065, -1065, -1065, -1055, -1090, -1080, -1075, -1085, -1085, -1085, -1085, -1085, -1085, -1085, -1075, -1070, -1070, -1055, -1055, -1055, -1055, -1045, -1045, -1055, -1055, -1040, -1040, -1040, -1040, -1040, -1040, -1040, -1050, -1050, -1045, -1050, -1035, -1035, -1035, -1045, -1050, -1050, -1050, -1050, -1050, -1050, -1050, -1050, -1050, -1050, -1035, -1035, -1035, -1035, -1035, -1035, -1035, -1035, -1035, -1035, -1035, -1035, -1035, -1035, -1035, -1035, -1035, -1035, -1035, -1035, -1035, -1035, -1035, -1050, -1050, -1030, -1050, -1050, -1050, -1040, -1040, -1040, -1040, -1050, -1050, -1050, -1050, -1050, -1050, -1050, -1050, -1050, -1050, -1050, -1050, -1050, -1050, -1050, -1050, -1045, -1040, -1045, -1050, -1050, -1050, -1050, -1050, -1050, -1050, -1050, -1050, -1050, -1050, -1050, -1050, -1050, -1050, -1050, -1050, -1050, -1050, -1050, -1050, -1050, -1050, -1050, -1050, -1050, -1050, -1050, -1050, -1050, -1050, -1050, -1050, -1050, -1050, -1045, -1045, -1045, -1045, -1045, -1050, -1050, -1050, -1050, -1050, -1050, -1050, -1293, -1318, -1303, -1328, -1328, -1328, -1328, -1328, -1328, -1328, -1328, -1184, -1184, -1404, -1404, -1404, -1404, -1404, -1387, -1199, -1199, -1090, -1090, -1090, -1169, -1154, -1169, -1095, -1095, -1095, -1095, -1095, -1105, -1105, -1105, -1105, -1105, -1105, -1105, -1154, -1154, -1154, -1159, -1194, -1209, -1209, -1199, -1209, -1209, -1209, -1169, -1209, -1209, -1278, -1189, -1154, -1154, -1154, -1154, -1154, -1154, -1154, -1154, -1149, -1149, -1149, -1149, -1134, -1149, -1154, -1085, -1085, -1085, -1085, -1085, -1085, -1085, -1085, -1085, -1085, -1085, -1085, -1085, -1080, -1080, -1085, -1085, -1085, -1085, -1085, -1085, -1085, -1085, -1085, -1130, -1130, -1130, -1025, -1025, -1025, -1025, -1025, -1020, -1020, -1020, -1020, -1020, -1020, -1020, -1015, -1020, -1020, -1020, -1020, -1020, -1020, -1020, -1020, -1045, -1045, -1045, -1045, -1025, -1030, -1030, -1030, -1030, -1030, -1030, -1030, -1040, -1040, -1040, -1055, -1055, -1055, -1040, -1055, -1095, -1228, -1243, -1243, -1243, -1248, -1303, -1377, -1278, -1278, -1278, -1278, -1278, -1392, -1392, -1293, -1293, -1293, -1293, -1278, -1184, -1174, -1174, -1174, -1174, -1174, -1288, -1278, -1278, -1184, -1184, -1184, -1298, -1199, -1293, -1293, -1293, -1184, -1184, -1184, -1184, -1184, -1184, -1184, -1184, -1169, -1169, -1184, -1184, -1184, -1184, -1184, -1184, -1184, -1184, -1169, -1184, -1184, -1184, -1184, -1184, -1070, -1070, -1070, -1174, -1174, -1100, -1100, -1100, -1100, -1100, -1100, -1184, -1184, -1184, -1184, -1184, -1184, -1184, -1035, -1035, -1035, -1035, -1035, -1035, -1035, -1035, -1035, -1035, -1035, -1035, -1040, -1040, -1040, -1040, -1045, -1045, -1045, -1045, -1045, -1045, -1045, -1045, -1035, -1035, -1045, -1045, -1045, -1045, -1040, -1040, -1040, -1040, -1040, -1040, -1040, -1040, -1040, -1040, -1040, -1065, -1065, -1065, -1065, -1065, -1065, -1065, -1065, -1065, -1065, -1065, -1065, -1060, -1060, -1065, -1065, -1065, -1065, -1060, -1060, -1060, -1060, -1055, -1055, -1055, -1055, -1060, -1065, -1070, -1070, -1065, -1065, -1070, -1055, -1045, -1045, -1045, -1045, -1045, -1045, -1045, -1045, -1045, -1055, -1045, -1055, -1055, -1055, -1050, -1045, -1045, -1045, -1050, -1050, -1055, -1055, -1055, -1055, -1055, -1055, -1055, -1055, -1055, -1055, -1055, -1055, -1055, -1055, -1055, -1055, -1055, -1050, -1050, -1050, -1050, -1050, -1050, -1050, -1050, -1065, -1075, -1075, -1268, -1308, -1308, -1308, -1308, -1278, -1278, -1278, -1278, -1278, -1278, -1283, -1283, -1283, -1248, -1283, -1283, -1268, -1179, -1179, -1174, -1179, -1258, -1258, -1258, -1263, -1263, -1263, -1248, -1248, -1248, -1248, -1124, -1050, -1050, -1050, -1050, -1050, -1124, -1124, -1124, -1124, -1124, -1124, -1124, -1124, -1119, -1119, -1119, -1119, -1119, -1119, -1119, -1119, -1119, -1119, -1020, -1020, -1020, -1020, -1020, -1020, -1020, -1020, -1020, -1020, -1020, -1020, -1015, -1015, -1015, -1015, -1015, -1015, -1010, -1010, -1010, -1010, -1010, -1010, -1010, -1015, -1015, -1015, -1015, -1015, -1015, -1015, -1015, -1015, -1015, -1015, -1015, -1015, -1010, -1020, -1020, -1025, -1025, -1025, -1025, -1025, -1025, -1025, -1025, -1025, -1025, -1025, -1025, -1025, -1025, -995, -995, -995, -995, -1030, -1030, -1030, -1312, -1253, -1253, -1253, -1344, -1344, -1337, -1337, -1337, -1332, -1332, -1332, -1332, -1332, -1293, -1288, -1332, -1332, -1332, -1121, -1045, -1035, -1045, -1121, -1116, -1109, -1109, -1109, -1109, -1109, -1109, -1099, -1099, -1015, -1015, -1010, -1010, -1010, -1010, -1010, -1010, -1005, -1000, -1000, -995, -1000, -1000, -995, -1000, -1005, -1005, -1005, -1000, -1000, -1000, -1000, -1005, -1000, -1000, -1000, -1000, -1000, -1000, -1000, -995, -1000, -1000, -1000, -1000, -1000, -1000, -1000, -1000, -1000, -1000, -1000, -1000, -1000, -1000, -1000, -995, -995, -995, -995, -995, -995, -995, -1000, -995, -995, -995, -995, -995, -995, -995, -995, -995, -995, -995, -995, -995, -995, -995, -995, -990, -995, -995, -995, -995, -995, -995, -995, -985, -985, -985, -995, -995, -995, -995, -995, -1230, -1230, -1230, -1230, -1230, -1230, -1230, -1176, -1176, -1141, -1141, -1141, -1141, -1141, -1141, -1141, -1141, -1141, -1141, -1141, -1141, -1141, -1141, -1141, -1141, -1020, -1020, -1020, -1020, -1020, -1141, -1141, -1141, -1141, -1238, -1246, -1125, -1238, -1030, -1030, -1030, -1030, -1030, -1030, -1020, -1020, -1238, -1238, -1238, -1203, -1203, -1203, -1203, -1203, -1015, -1203, -1203, -1134, -1198, -1000, -1000, -1000, -995, -995, -995, -995, -995, -995, -995, -995, -995, -995, -995, -995, -995, -995, -995, -995, -995, -995, -995, -995, -995, -995, -995, -995, -995, -995, -995, -995, -995, -995, -995, -995, -995, -995, -995, -995, -995, -995, -995, -995, -995, -1025, -1025, -1025, -1025, -1025, -1025, -1025, -1025, -1025, -1025, -1025, -1025, -1149, -1243, -1060, -1025, -1164, -1164, -1164, -1055, -1055, -1055, -1055, -1020, -1020, -1020, -1020, -1025, -1025, -1025, -1005, -1005, -1005, -1005, -1005, -1005, -995, -995, -995, -1005, -1005, -1005, -1005, -1005, -995, -1005, -1005, -1005, -1005, -1005, -1005, -1005, -995, -990, -995, -1005, -1005, -1005, -1005, -985, -1005, -1005, -1005, -1005, -1005, -1005, -1005, -1005, -1005, -1000, -1005, -1005, -1005, -1005, -1005, -995, -995, -995, -1005, -1005, -1005, -1005, -1005, -1005, -1005, -1005, -1005, -1005, -1005, -985, -985, -985, -985, -985, -985, -985, -985, -985, -985, -985, -985, -985, -1000, -1000, -1000, -995, -990, -990, -990, -990, -990, -990, -1000, -1000, -1000, -1000, -1000, -1000, -1000, -1000, -1000, -1000, -1000, -990, -990, -1000, -1000, -1000, -1000, -1000, -1000, -1000, -985, -1000, -1000, -1000, -1000, -1000, -1000, -985, -985, -985, -985, -985, -985, -985, -985, -985, -985, -985, -985, -985, -985, -985, -985, -985, -975, -975, -975, -975, -975, -975, -975, -975, -975, -975, -975, -975, -975, -975, -975, -975, -975, -975, -975, -975, -955, -955, -955, -955, -955, -955, -955, -955, -955, -975, -975, -975, -955, -955, -955, -955, -955, -955, -955, -970, -970, -975, -975, -975, -955, -955, -955, -955, -955, -955, -955, -955, -955, -975, -975, -975, -975, -975, -975, -975, -975, -975, -975, -975, -975, -975, -975, -975, -975, -975, -975, -975, -975, -975, -975, -975, -975, -975, -975, -975, -975, -975, -975, -975, -975, -975, -975, -975, -975, -975, -975, -975, -975, -975, -975, -975, -975, -975, -975, -975, -975, -975, -975, -975, -975, -975, -975, -975, -975, -975, -975, -975, -975, -975, -975, -975, -975, -975, -975, -975, -1198, -1198, -1198, -1198, -1198, -1198, -1198, -975, -975, -1086, -1198, -1198, -1198, -1198, -1129, -1129, -1129, -1129, -1129, -1129, -1129, -1114, -1114, -1114, -1114, -1035, -1035, -1035, -1035, -1114, -1114, -1114, -1114, -1114, -1114, -1114, -1114, -1114, -1114, -1114, -1114, -1114, -1114, -1065, -1094, -1094, -1129, -1129, -1129, -1129, -1129, -1129, -1070, -1129, -1129, -1129, -1129, -1129, -1129, -1129, -1129, -1129, -1129, -1129, -1129, -1129, -1154, -1273, -1248, -1224, -1179, -1179, -1134, -1179, -1179, -1179, -1179, -1179, -1144, -1144, -1144, -1164, -1189, -1189, -1189, -1189, -1189, -1189, -1189, -1189, -1189, -1189, -1189, -1189, -1189, -1189, -1189, -1189, -1189, -1189, -1189, -1189, -1189, -1189, -1189, -1095, -1189, -1189, -1095, -1095, -1075, -1179, -1179, -1179, -1194, -1194, -1194, -1194, -1194, -1194, -1194, -1194, -1194, -1194, -1085, -1080, -1080, -1085, -1075, -1070, -1070, -1070, -1070, -1070, -1070, -1070, -1085, -1085, -1085, -1085, -1085, -1085, -1070, -1075, -1075, -1075, -1070, -1070, -1080, -1080, -1085, -1085, -1145, -1135, -1135, -1105, -1105, -1135, -1135, -1135, -1135, -1130, -1130, -1135, -1140, -1140, -1392, -1387, -1269, -1269, -1244, -1269, -1392, -1392, -1392, -1229, -1516, -1453, -1353, -1353, -1239, -1239, -1234, -1353, -1353, -1353, -1234, -1234, -1353, -1338, -1338, -1224, -1224, -1304, -1304, -1298, -1298, -1298, -1298, -1298, -1268, -1268, -1268, -1268, -1268, -1268, -1150, -1278, -1298, -1298, -1298, -1298, -1130, -1293, -1288, -1288, -1318, -1313, -1318, -1313, -1294, -1294, -1294, -1294, -1318, -1318, -1318, -1318, -1323, -1323, -1635, -1635, -1635, -1635, -1620, -1734, -1734, -1734, -1734, -1734, -1375, -1392, -1635, -1474, -1766, -1604, -1786, -1639, -1728, -1728, -1728, -1728, -1728, -1728, -1614, -1544, -1500, -1500, -1518, -1518, -1518, -1518, -1518, -1518, -1559, -1513, -1485, -1513, -1513, -1629, -1629, -1629, -1569, -1533, -1533, -1473, -1513, -1513, -1513, -1285, -1285, -1285, -1285, -1255, -1255, -1434, -1424, -1434, -1434, -1434, -1434, -1434, -1454, -1454, -1454, -1454, -1454, -1449, -1493, -1498, -1498, -1439, -1439, -1439, -1399, -1439, -1439, -1439, -1420, -1439, -1439, -1438, -1423, -1423, -1423, -1423, -1423, -1453, -1453, -1453, -1453, -1473, -1473, -1507, -1507, -1507, -1507, -1507, -1453, -1512, -1512, -1507, -1344, -1344, -1344, -1433, -1433, -1433, -1433, -1433, -1433, -1433, -1433, -1507, -1507, -1507, -1507, -1507, -1215, -1215, -1215, -1215, -1205, -1205, -1205, -1170, -1190, -1190, -1180, -1190, -1180, -1180, -1155, -1155, -1155, -1155, -1180, -1180, -1180, -1190, -1190, -1190, -1190, -1190, -1190, -1190, -1190, -1190, -1289, -1170, -1344, -1344, -1245, -1423, -1418, -1423, -1309, -1314, -1314, -1398, -1398, -1443, -1443, -1438, -1349, -1349, -1349, -1443, -1413, -1413, -1329, -1329, -1329, -1329, -1329, -1329, -1512, -1512, -1512, -1438, -1408, -1378, -1378, -1512, -1597, -1483, -1393, -1532, -1517, -1517, -1438, -1438, -1438, -1438, -1438, -1438, -1438, -1384, -1379, -1349, -1349, -1334, -1349, -1260, -1260, -1349, -1349, -1295, -1240, -1240, -1240, -1240, -1240, -1240, -1240, -1240, -1240, -1240, -1215, -1240, -1240, -1240, -1240, -1240, -1240, -1240, -1240, -1240, -1240, -1240, -1240, -1240, -1240, -1240, -1443, -1443, -1443, -1329, -1329, -1329, -1319, -1319, -1339, -1339, -1339, -1339, -1339, -1319, -1319, -1319, -1319, -1319, -1309, -1265, -1304, -1309, -1309, -1309, -1309, -1309, -1309, -1309, -1413, -1389, -1270, -1270, -1260, -1225, -1270, -1260, -1260, -1260, -1260, -1260, -1235, -1235, -1235, -1235, -1235, -1235, -1235, -1235, -1245, -1468, -1468, -1468, -1468, -1406, -1406, -1354, -1354, -1354, -1339, -1468, -1468, -1468, -1255, -1255, -1255, -1245, -1245, -1245, -1240, -1240, -1245, -1245, -1245, -1245, -1245, -1245, -1245, -1240, -1240, -1240, -1245, -1245, -1245, -1250, -1230, -1230, -1245, -1245, -1220, -1220, -1210, -1220, -1220, -1220, -1220, -1220, -1220, -1220, -1220, -1220, -1220, -1220, -1220, -1220, -1210, -1210, -1210, -1215, -1215, -1205, -1205, -1205, -1205, -1205, -1205, -1205, -1205, -1205, -1175, -1175, -1185, -1185, -1185, -1185, -1185, -1175, -1175, -1170, -1185, -1185, -1185, -1185, -1185, -1185, -1185, -1185, -1185, -1180, -1185, -1185, -1185, -1185, -1185, -1180, -1180, -1180, -1185, -1185, -1185, -1185, -1185, -1185, -1185, -1185, -1185, -1185, -1185, -1185, -1185, -1210, -1185, -1215, -1363, -1363, -1363, -1274, -1269, -1269, -1363, -1190, -1190, -1190, -1190, -1190, -1363, -1190, -1190, -1341, -1341, -1341, -1190, -1341, -1336, -1341, -1185, -1185, -1339, -1339, -1339, -1334, -1334, -1339, -1294, -1294, -1294, -1339, -1453, -1577, -1577, -1463, -1463, -1463, -1463, -1463, -1463, -1433, -1438, -1458, -1463, -1235, -1235, -1304, -1314, -1314, -1200, -1210, -1210, -1210, -1220, -1311, -1294, -1294, -1311, -1311, -1413, -1413, -1413, -1403, -1413, -1403, -1403, -1403, -1403, -1403, -1403, -1403, -1403, -1413, -1413, -1215, -1210, -1215, -1215, -1408, -1339, -1410, -1410, -1410, -1410, -1410, -1410, -1410, -1410, -1410, -1410, -1410, -1410, -1309, -1319, -1319, -1319, -1319, -1299, -1299, -1408, -1519, -1309, -1309, -1309, -1309, -1289, -1289, -1289, -1309, -1309, -1205, -1205, -1205, -1276, -1276, -1276, -1266, -1266, -1266, -1155, -1155, -1155, -1155, -1155, -1155, -1155, -1155, -1155, -1434, -1543, -1368, -1556, -1324, -1324, -1324, -1324, -1324, -1294, -1294, -1294, -1294, -1294, -1294, -1294, -1294, -1294, -1294, -1294, -1294, -1294, -1294, -1294, -1294, -1294, -1294, -1294, -1294, -1294, -1284, -1284, -1284, -1284, -1284, -1195, -1284, -1284, -1284, -1269, -1269, -1165, -1165, -1165, -1165, -1284, -1284, -1284, -1284, -1284, -1284, -1284, -1284, -1284, -1284, -1190, -1284, -1284, -1284, -1220, -1220, -1388, -1388, -1388, -1388, -1388, -1205, -1205, -1388, -1388, -1348, -1388, -1388, -1388, -1388, -1388, -1388, -1388, -1388, -1378, -1373, -1195, -1299, -1299, -1299, -1294, -1299, -1299, -1170, -1170, -1210, -1195, -1195, -1195, -1274, -1274, -1279, -1279, -1180, -1180, -1180, -1170, -1170, -1170, -1170, -1170, -1170, -1170, -1170, -1170, -1170, -1170, -1170, -1170, -1175, -1175, -1175, -1170, -1175, -1175, -1175, -1170, -1170, -1170, -1170, -1170, -1170, -1170, -1170, -1170, -1170, -1170, -1165, -1170, -1170, -1170, -1160, -1165, -1165, -1170, -1170, -1170, -1170, -1170, -1170, -1170, -1205, -1205, -1170, -1170, -1170, -1170, -1170, -1170, -1170, -1259, -1259, -1259, -1185, -1185, -1185, -1185, -1185, -1185, -1185, -1185, -1185, -1185, -1185, -1185, -1185, -1185, -1185, -1185, -1185, -1185, -1185, -1145, -1185, -1185, -1185, -1185, -1185, -1145, -1145, -1145, -1145, -1145, -1145, -1175, -1175, -1150, -1170, -1170, -1155, -1155, -1155, -1155, -1155, -1180, -1180, -1180, -1180, -1180, -1180, -1180, -1180, -1180, -1180, -1180, -1180, -1175, -1180, -1180, -1185, -1185, -1259, -1259, -1259, -1269, -1269, -1195, -1195, -1195, -1195, -1269, -1155, -1155, -1155, -1155, -1155, -1155, -1155, -1160, -1195, -1195, -1195, -1279, -1170, -1170, -1170, -1170, -1170, -1170, -1170, -1170, -1170, -1170, -1170, -1160, -1160, -1160, -1160, -1160, -1160, -1180, -1180, -1180, -1170, -1165, -1165, -1165, -1165, -1165, -1165, -1165, -1175, -1175, -1165, -1165, -1165, -1175, -1170, -1170, -1170, -1175, -1175, -1170, -1170, -1165, -1165, -1165, -1165, -1165, -1165, -1175, -1175, -1165, -1165, -1175, -1175, -1175, -1175, -1190, -1175, -1175, -1175, -1175, -1175, -1175, -1165, -1165, -1165, -1165, -1165, -1165, -1165, -1175, -1175, -1175, -1175, -1175, -1175, -1175, -1165, -1165, -1165, -1165, -1165, -1160, -1165, -1165, -1180, -1180, -1180, -1180, -1180, -1165, -1165, -1160, -1160, -1160, -1160, -1160, -1185, -1185, -1165, -1165, -1165, -1185, -1180, -1180, -1180, -1180, -1274, -1165, -1165, -1165, -1165, -1165, -1165, -1165, -1165, -1165, -1165, -1165, -1165, -1165, -1165, -1160, -1160, -1160, -1135, -1160, -1160, -1130, -1130, -1130, -1130, -1130, -1130, -1130, -1130, -1130, -1125, -1120, -1120, -1120, -1120, -1120, -1120, -1130, -1130, -1130, -1130, -1130, -1130, -1130, -1130, -1130, -1531, -1531, -1442, -1442, -1274, -1274, -1274, -1274, -1274, -1348, -1531, -1477, -1531, -1531, -1531, -1531, -1348, -1348, -1348, -1348, -1313, -1348, -1348, -1348, -1248, -1348, -1348, -1254, -1348, -1348, -1348, -1348, -1348, -1348, -1348, -1348, -1244, -1348, -1348, -1343, -1343, -1348, -1353, -1363, -1363, -1363, -1289, -1289, -1363, -1363, -1363, -1363, -1363, -1363, -1363, -1338, -1338, -1284, -1284, -1284, -1284, -1284, -1150, -1150, -1150, -1150, -1150, -1303, -1283, -1303, -1185, -1180, -1185, -1185, -1155, -1185, -1185, -1185, -1185, -1185, -1185, -1160, -1185, -1185, -1185, -1185, -1185, -1160, -1160, -1160, -1309, -1309, -1309, -1220, -1220, -1220, -1220, -1264, -1264, -1264, -1170, -1165, -1294, -1373, -1145, -1145, -1145, -1145, -1145, -1145, -1145, -1145, -1314, -1314, -1314, -1369, -1373, -1373, -1314, -1373, -1373, -1373, -1373, -1373, -1373, -1264, -1373, -1373, -1373, -1373, -1373, -1373, -1145, -1289, -1289, -1289, -1289, -1289, -1289, -1289, -1289, -1289, -1289, -1289, -1289, -1289, -1289, -1284, -1284, -1284, -1284, -1284, -1284, -1284, -1219, -1195, -1195, -1195, -1195, -1195, -1195, -1195, -1190, -1195, -1190, -1190, -1284, -1319, -1319, -1284, -1284, -1219, -1155, -1155, -1155, -1155, -1155, -1155, -1155, -1155, -1155, -1155, -1155, -1155, -1155, -1155, -1165, -1165, -1165, -1165, -1165, -1155, -1155, -1165, -1165, -1165, -1165, -1165, -1165, -1165, -1160, -1165, -1165, -1165, -1165, -1165, -1165, -1155, -1155, -1155, -1155, -1155, -1155, -1155, -1155, -1155, -1155, -1155, -1155, -1155, -1155, -1155, -1155, -1155, -1155, -1155, -1155, -1155, -1155, -1155, -1155, -1155, -1155, -1155, -1155, -1150, -1150, -1150, -1155, -1155, -1155, -1155, -1155, -1155, -1155, -1155, -1155, -1155, -1155, -1155, -1155, -1155, -1155, -1155, -1155, -1155, -1155, -1155, -1155, -1155, -1155, -1155, -1155, -1155, -1155, -1294, -1631, -1710, -1680, -1601, -1675, -1675, -1368, -1269, -1269, -1165, -1269, -1269, -1180, -1165, -1165, -1165, -1286, -1286, -1286, -1190, -1190, -1190, -1190, -1190, -1155, -1155, -1155, -1150, -1150, -1150, -1150, -1150, -1150, -1150, -1150, -1150, -1150, -1150, -1150, -1150, -1150, -1150, -1150, -1150, -1150, -1150, -1150, -1150, -1150, -1150, -1150, -1150, -1135, -1135, -1135, -1135, -1135, -1135, -1135, -1135, -1135, -1135, -1135, -1150, -1150, -1150, -1150, -1150, -1140, -1140, -1140, -1140, -1140, -1140, -1140, -1140, -1140, -1085, -1140, -1140, -1140, -1140, -1140, -1140, -1140, -1140, -1140, -1140, -1140, -1140, -1140, -1140, -1140, -1140, -1140, -1145, -1145, -1145, -1140, -1165, -1165, -1586, -1586, -1551, -1477, -1244, -1477, -1477, -1477, -1467, -1477, -1477, -1289, -1289, -1289, -1289, -1289, -1289, -1289, -1289, -1289, -1224, -1224, -1224, -1289, -1279, -1289, -1289, -1289, -1289, -1289, -1289, -1289, -1289, -1289, -1185, -1185, -1195, -1195, -1185, -1195, -1195, -1185, -1195, -1195, -1195, -1185, -1170, -1170, -1170, -1170, -1170, -1195, -1195, -1185, -1185, -1195, -1195, -1195, -1195, -1175, -1175, -1195, -1195, -1195, -1195, -1195, -1195, -1195, -1195, -1195, -1195, -1195, -1195, -1195, -1195, -1195, -1195, -1195, -1195, -1195, -1195, -1195, -1195, -1195, -1195, -1195, -1195, -1195, -1220, -1220, -1220, -1220, -1220, -1220, -1220, -1195, -1175, -1175, -1175, -1438, -1438, -1438, -1324, -1324, -1319, -1210, -1210, -1210, -1210, -1210, -1205, -1210, -1200, -1200, -1200, -1200, -1185, -1200, -1210, -1205, -1210, -1235, -1235, -1235, -1235, -1309, -1309, -1309, -1309, -1309, -1215, -1314, -1314, -1314, -1304, -1304, -1314, -1299, -1319, -1319, -1319, -1319, -1319, -1319, -1319, -1319, -1319, -1319, -1319, -1319, -1319, -1319, -1319, -1319, -1319, -1319, -1319, -1319, -1319, -1319, -1319, -1319, -1319, -1319, -1319, -1284, -1284, -1284, -1284, -1284, -1284, -1319, -1319, -1319, -1319, -1299, -1299, -1299, -1299, -1299, -1299, -1299, -1215, -1299, -1294, -1299, -1289, -1289, -1289, -1289, -1289, -1289, -1289, -1289, -1289, -1289, -1274, -1274, -1274, -1274, -1299, -1299, -1556, -1368, -1418, -1487, -1487, -1705, -1685, -1522, -1358, -1670, -1670, -1502, -1502, -1502, -1502, -1502, -1502, -1363, -1363, -1502, -1170, -1170, -1170, -1170, -1170, -1170, -1170, -1170, -1170, -1170, -1170, -1170, -1170, -1170, -1170, -1160, -1160, -1170, -1170, -1170, -1170, -1170, -1170, -1170, -1170, -1170, -1170, -1170, -1170, -1170, -1170, -1150, -1150, -1150, -1150, -1150, -1150, -1150, -1150, -1145, -1145, -1145, -1150, -1150, -1150, -1150, -1150, -1150, -1150, -1150, -1150, -1145, -1145, -1145, -1145, -1145, -1150, -1150, -1150, -1150, -1150, -1145, -1145, -1115, -1145, -1145, -1145, -1145, -1150, -1150, -1150, -1150, -1150, -1150, -1150, -1150, -1150, -1150, -1150, -1150, -1150, -1150, -1150, -1150, -1150, -1185, -1185, -1249, -1492, -1492, -1388, -1388, -1344, -1393, -1438, -1388, -1388, -1324, -1324, -1324, -1324, -1324, -1324, -1324, -1364, -1383, -1383, -1383, -1383, -1383, -1378, -1175, -1175, -1175, -1443, -1443, -1443, -1443, -1524, -1552, -1646, -1646, -1646, -1646, -1646, -1646, -1646, -1552, -1547, -1547, -1547, -1468, -1468, -1468, -1468, -1458, -1458, -1458, -1458, -1458, -1448, -1458, -1304, -1304, -1304, -1304, -1304, -1304, -1304, -1304, -1304, -1304, -1304, -1304, -1304, -1309, -1309, -1309, -1309, -1309, -1309, -1309, -1235, -1235, -1235, -1235, -1235, -1235, -1235, -1235, -1235, -1235, -1220, -1220, -1220, -1220, -1220, -1220, -1220, -1195, -1195, -1195, -1195, -1195, -1175, -1175, -1195, -1195, -1220, -1205, -1220, -1220, -1220, -1210, -1210, -1220, -1220, -1205, -1220, -1220, -1220, -1220, -1220, -1205, -1205, -1205, -1205, -1205, -1205, -1220, -1220, -1220, -1423, -1423, -1423, -1314, -1205, -1314, -1423, -1314, -1383, -1383, -1383, -1383, -1383, -1368, -1383, -1383, -1383, -1339, -1339, -1314, -1304, -1314, -1314, -1314, -1314, -1309, -1314, -1314, -1319, -1319, -1264, -1264, -1344, -1344, -1344, -1344, -1344, -1344, -1344, -1344, -1319, -1319, -1319, -1319, -1319, -1319, -1319, -1319, -1185, -1319, -1299, -1299, -1299, -1309, -1448, -1448, -1448, -1448, -1448, -1448, -1448, -1393, -1319, -1319, -1319, -1418, -1418, -1398, -1398, -1418, -1329, -1329, -1220, -1220, -1220, -1329, -1329, -1329, -1329, -1319, -1319, -1210, -1210, -1304, -1304, -1304, -1304, -1304, -1304, -1284, -1304, -1250, -1250, -1304, -1304, -1304, -1304, -1284, -1284, -1284, -1304, -1304, -1289, -1289, -1289, -1289, -1289, -1304, -1304, -1304, -1195, -1190, -1185, -1185, -1185, -1190, -1170, -1170, -1170, -1215, -1215, -1215, -1210, -1190, -1215, -1215, -1180, -1215, -1215, -1215, -1215, -1190, -1190, -1190, -1190, -1190, -1190, -1190, -1160, -1160, -1160, -1160, -1160, -1160, -1160, -1160, -1160, -1160, -1160, -1160, -1155, -1160, -1160, -1160, -1160, -1160, -1160, -1160, -1160, -1160, -1160, -1160, -1160, -1160, -1160, -1160, -1160, -1160, -1110, -1110, -1110, -1110, -1110, -1160, -1160, -1160, -1145, -1145, -1145, -1135, -1135, -1135, -1135, -1135, -1125, -1125, -1135, -1125, -1125, -1135, -1135, -1135, -1115, -1224, -1224, -1199, -1319, -1303, -1328, -1298, -1358, -1284, -1284, -1284, -1338, -1373, -1358, -1358, -1358, -1358, -1373, -1175, -1175, -1175, -1225, -1383, -1323, -1323, -1323, -1323, -1388, -1383, -1383, -1383, -1368, -1368, -1294, -1294, -1368, -1368, -1368, -1368, -1368, -1274, -1353, -1353, -1353, -1353, -1353, -1353, -1314, -1289, -1160, -1348, -1348, -1348, -1348, -1348, -1284, -1284, -1348, -1353, -1353, -1353, -1353, -1353, -1353, -1353, -1353, -1353, -1353, -1353, -1269, -1467, -1467, -1467, -1467, -1467, -1527, -1626, -1547, -1335, -1547, -1547, -1473, -1363, -1502, -1384, -1384, -1384, -1384, -1384, -1384, -1364, -1364, -1364, -1364, -1364, -1364, -1364, -1364, -1364, -1285, -1285, -1285, -1285, -1285, -1399, -1265, -1260, -1305, -1305, -1305, -1305, -1305, -1290, -1290, -1290, -1305, -1305, -1305, -1305, -1305, -1305, -1280, -1280, -1275, -1300, -1300, -1300, -1300, -1275, -1275, -1300, -1300, -1305, -1300, -1300, -1300, -1300, -1300, -1295, -1300, -1300, -1300, -1300, -1300, -1434, -1335, -1335, -1310, -1310, -1310, -1305, -1335, -1295, -1295, -1295, -1310, -1335, -1335, -1320, -1320, -1320, -1320, -1320, -1320, -1320, -1285, -1285, -1285, -1285, -1285, -1285, -1285, -1285, -1285, -1245, -1245, -1245, -1275, -1275, -1275, -1275, -1260, -1270, -1285, -1285, -1280, -1285, -1285, -1285, -1285, -1260, -1260, -1260, -1285, -1285, -1285, -1285, -1285, -1285, -1339, -1404, -1404, -1419, -1419, -1419, -1419, -1394, -1394, -1285, -1285, -1245, -1280, -1285, -1285, -1285, -1285, -1285, -1285, -1285, -1260, -1260, -1260, -1260, -1260, -1285, -1285, -1285, -1285, -1285, -1493, -1528, -1376, -1376, -1376, -1376, -1325, -1325, -1325, -1325, -1320, -1320, -1320, -1320, -1325, -1325, -1305, -1439, -1439, -1439, -1429, -1429, -1429, -1429, -1429, -1429, -1429, -1325, -1325, -1429, -1449, -1449, -1553, -1553, -1553, -1553, -1444, -1731, -1627, -1627, -1429, -1429, -1429, -1429, -1429, -1429, -1429, -1726, -1617, -1617, -1617, -1409, -1409, -1617, -1245, -1245, -1245, -1245, -1245, -1404, -1404, -1235, -1235, -1384, -1384, -1384, -1384, -1384, -1300, -1300, -1300, -1389, -1389, -1389, -1404, -1404, -1379, -1280, -1364, -1379, -1379, -1379, -1379, -1374, -1374, -1270, -1270, -1270, -1270, -1270, -1270, -1270, -1270, -1270, -1270, -1265, -1265, -1265, -1265, -1265, -1265, -1265, -1265, -1265, -1265, -1265, -1265, -1265, -1240, -1240, -1265, -1245, -1265, -1265, -1265, -1240, -1240, -1240, -1265, -1265, -1265, -1265, -1265, -1250, -1265, -1260, -1260, -1260, -1260, -1260, -1260, -1260, -1260, -1260, -1260, -1260, -1260, -1265, -1265, -1260, -1260, -1270, -1270, -1270, -1361, -1361, -1361, -1364, -1364, -1245, -1245, -1245, -1490, -1490, -1704, -1782, -1693, -1807, -1807, -1667, -1667, -1807, -1700, -1823, -1823, -1823, -1818, -1811, -1591, -1556, -1556, -1811, -1593, -1791, -1806, -1786, -1786, -1786, -1811, -1746, -1746, -1808, -1808, -1533, -1573, -1548, -1548, -1533, -1533, -1434, -1434, -1434, -1434, -1533, -1533, -1533, -1583, -1583, -1583, -1583, -1529, -1529, -1529, -1529, -1494, -1529, -1560, -1560, -1664, -1644, -1644, -1569, -1569, -1569, -1569, -1584, -1584, -1473, -1384, -1359, -1473, -1473, -1473, -1473, -1473, -1473, -1515, -1515, -1515, -1577, -1577, -1612, -1612, -1612, -1612, -1498, -1528, -1424, -1518, -1528, -1528, -1528, -1528, -1439, -1429, -1389, -1429, -1429, -1429, -1513, -1513, -1513, -1498, -1498, -1498, -1434, -1498, -1498, -1374, -1374, -1374, -1374, -1374, -1374, -1374, -1374, -1374, -1374, -1374, -1374, -1374, -1329, -1329, -1329, -1255, -1374, -1374, -1359, -1359, -1359, -1359, -1359, -1344, -1270, -1270, -1285, -1270, -1270, -1270, -1260, -1250, -1250, -1245, -1250, -1260, -1260, -1260, -1260, -1245, -1240, -1240, -1245, -1245, -1245, -1245, -1245, -1245, -1245, -1240, -1240, -1240, -1240, -1240, -1240, -1240, -1240, -1240, -1240, -1240, -1240, -1240, -1240, -1240, -1240, -1240, -1240, -1240, -1225, -1225, -1225, -1225, -1225, -1225, -1225, -1200, -1200, -1200, -1200, -1200, -1200, -1200, -1200, -1200, -1170, -1170, -1170, -1170, -1170, -1170, -1170, -1259, -1309, -1309, -1309, -1403, -1403, -1403, -1316, -1316, -1316, -1316, -1316, -1170, -1170, -1170, -1170, -1170, -1170, -1170, -1170, -1170, -1170, -1170, -1170, -1170, -1170, -1170, -1170, -1170, -1170, -1170, -1170, -1170, -1170, -1170, -1170, -1170, -1170, -1170, -1170, -1170, -1170, -1170, -1170, -1170, -1170, -1170, -1170, -1170, -1170, -1170, -1170, -1170, -1170, -1170, -1170, -1170, -1170, -1170, -1170, -1170, -1155, -1170, -1170, -1170, -1170, -1170, -1170, -1170, -1170, -1170, -1294, -1353, -1353, -1259, -1210, -1210, -1210, -1210, -1210, -1210, -1210, -1200, -1170, -1170, -1170, -1170, -1170, -1170, -1180, -1170, -1170, -1170, -1170, -1170, -1170, -1170, -1170, -1170, -1170, -1170, -1170, -1170, -1210, -1200, -1210, -1205, -1205, -1200, -1245, -1245, -1245, -1240, -1240, -1255, -1255, -1215, -1215, -1215, -1255, -1255, -1255, -1255, -1210, -1210, -1210, -1210, -1210, -1270, -1289, -1289, -1289, -1289, -1289, -1289, -1289, -1210, -1269, -1289, -1289, -1289, -1289, -1180, -1180, -1255, -1210, -1210, -1210, -1210, -1250, -1250, -1250, -1250, -1250, -1250, -1250, -1289, -1280, -1250, -1250, -1250, -1205, -1235, -1235, -1235, -1225, -1235, -1250, -1250, -1250, -1250, -1250, -1240, -1240, -1260, -1260, -1280, -1280, -1280, -1280, -1265, -1260, -1260, -1280, -1280, -1270, -1250, -1250, -1250, -1250, -1250, -1250, -1245, -1245, -1245, -1245, -1245, -1240, -1240, -1240, -1240, -1240, -1240, -1240, -1240, -1240, -1240, -1240, -1220, -1240, -1240, -1240, -1240, -1240, -1240, -1240, -1240, -1230, -1215, -1240, -1240, -1240, -1240, -1240, -1240, -1240, -1240, -1240, -1240, -1240, -1250, -1250, -1250, -1250, -1250, -1250, -1250, -1250, -1250, -1250, -1250, -1250, -1631, -1453, -1662, -1662, -1567, -1567, -1567, -1567, -1349, -1502, -1502, -1344, -1344, -1344, -1359, -1359, -1359, -1448, -1428, -1428, -1428, -1428, -1428, -1428, -1418, -1220, -1220, -1220, -1210, -1210, -1220, -1210, -1210, -1205, -1210, -1210, -1210, -1210, -1210, -1210, -1210, -1200, -1195, -1170, -1170, -1170, -1200, -1200, -1200, -1200, -1165, -1200, -1200, -1200, -1200, -1200, -1200, -1200, -1200, -1200, -1200, -1200, -1200, -1200, -1200, -1200, -1200, -1200, -1200, -1200, -1200, -1200, -1195, -1195, -1220, -1220, -1205, -1170, -1170, -1170, -1170, -1170, -1170, -1170, -1170, -1170, -1170, -1170, -1170, -1170, -1170, -1170, -1170, -1170, -1170, -1170, -1170, -1170, -1165, -1165, -1165, -1170, -1170, -1170, -1170, -1190, -1190, -1264, -1264, -1190, -1264, -1338, -1330, -1205, -1229, -1229, -1319, -1205, -1210, -1210, -1210, -1210, -1210, -1210, -1319, -1319, -1319, -1319, -1319, -1319, -1319, -1423, -1621, -1497, -1497, -1497, -1497, -1497, -1497, -1383, -1383, -1383, -1383, -1383, -1383, -1383, -1383, -1383, -1383, -1581, -1581, -1581, -1581, -1566, -1403, -1403, -1403, -1403, -1403, -1571, -1537, -1715, -1576, -1576, -1655, -1675, -1601, -1675, -1507, -1507, -1507, -1527, -1497, -1487, -1527, -1527, -1592, -1394, -1394, -1592, -1592, -1592, -1399, -1399, -1310, -1310, -1310, -1310, -1310, -1280, -1280, -1280, -1280, -1369, -1374, -1374, -1359, -1364, -1364, -1349, -1359, -1359, -1359, -1324, -1374, -1374, -1374, -1374, -1374, -1374, -1374, -1374, -1374, -1374, -1369, -1369, -1280, -1280, -1369, -1374, -1374, -1374, -1374, -1374, -1374, -1325, -1374, -1374, -1374, -1374, -1374, -1374, -1280, -1280, -1374, -1374, -1374, -1374, -1374, -1374, -1374, -1374, -1285, -1285, -1285, -1285, -1285, -1285, -1285, -1265, -1265, -1300, -1300, -1300, -1300, -1300, -1300, -1295, -1295, -1295, -1295, -1260, -1295, -1300, -1295, -1295, -1295, -1295, -1295, -1295, -1295, -1290, -1295, -1295, -1260, -1245, -1245, -1295, -1295, -1295, -1295, -1295, -1295, -1295, -1295, -1295, -1295, -1290, -1290, -1290, -1290, -1290, -1290, -1290, -1290, -1290, -1290, -1290, -1290, -1290, -1280, -1280, -1280, -1280, -1280, -1265, -1280, -1295, -1295, -1295, -1295, -1295, -1295, -1295, -1295, -1404, -1290, -1290, -1290, -1290, -1290, -1290, -1290, -1285, -1290, -1290, -1290, -1290, -1290, -1290, -1290, -1290, -1290, -1290, -1290, -1290, -1290, -1295, -1295, -1295, -1295, -1295, -1295, -1295, -1295, -1295, -1295, -1295, -1290, -1290, -1290, -1290, -1290, -1290, -1290, -1290, -1290, -1290, -1290, -1285, -1290, -1290, -1290, -1290, -1275, -1275, -1275, -1275, -1275, -1275, -1310, -1310, -1310, -1290, -1290, -1290, -1310, -1335, -1335, -1369, -1409, -1409, -1409, -1409, -1409, -1409, -1459, -1706, -1706, -1598, -1598, -1598, -1598, -1543, -1583, -1549, -1583, -1553, -1553, -1552, -1359, -1359, -1359, -1359, -1359, -1359, -1359, -1359, -1359, -1344, -1359, -1359, -1359, -1359, -1359, -1359, -1255, -1359, -1359, -1359, -1329, -1359, -1359, -1359, -1255, -1255, -1255, -1255, -1255, -1255, -1255, -1250, -1255, -1250, -1250, -1250, -1255, -1255, -1255, -1255, -1255, -1255, -1255, -1255, -1255, -1255, -1255, -1230, -1230, -1230, -1230, -1230, -1230, -1230, -1225, -1230, -1230, -1230, -1230, -1230, -1195, -1195, -1195, -1195, -1195, -1195, -1195, -1220, -1225, -1225, -1225, -1225, -1225, -1225, -1225, -1215, -1225, -1225, -1225, -1225, -1230, -1304, -1304, -1315, -1315, -1310, -1423, -1419, -1419, -1414, -1245, -1245, -1245, -1245, -1245, -1245, -1245, -1245, -1434, -1459, -1459, -1459, -1459, -1459, -1459, -1459, -1459, -1459, -1424, -1424, -1424, -1350, -1350, -1350, -1350, -1350, -1350, -1340, -1340, -1340, -1340, -1340, -1340, -1340, -1350, -1350, -1350, -1350, -1350, -1345, -1345, -1345, -1345, -1355, -1360, -1360, -1350, -1330, -1499, -1499, -1499, -1365, -1365, -1365, -1365, -1365, -1365, -1365, -1365, -1365, -1449, -1449, -1637, -1375, -1375, -1365, -1365, -1456, -1672, -1565, -1565, -1672, -1553, -1375, -1375, -1662, -1662, -1375, -1370, -1365, -1355, -1355, -1355, -1355, -1355, -1355, -1365, -1365, -1365, -1365, -1375, -1375, -1375, -1375, -1375, -1375, -1375, -1375, -1375, -1375, -1375, -1365, -1375, -1375, -1375, -1365, -1375, -1360, -1360, -1360, -1360, -1360, -1360, -1355, -1355, -1360, -1360, -1360, -1360, -1360, -1360, -1360, -1360, -1360, -1360, -1360, -1375, -1370, -1370, -1375, -1445, -1559, -1573, -1435, -1400, -1400, -1400, -1504, -1504, -1504, -1504, -1504, -1504, -1504, -1504, -1430, -1435, -1430, -1435, -1385, -1430, -1430, -1430, -1504, -1504, -1405, -1405, -1405, -1360, -1380, -1380, -1380, -1380, -1380, -1380, -1380, -1380, -1380, -1380, -1380, -1380, -1380, -1375, -1365, -1365, -1365, -1355, -1365, -1365, -1365, -1365, -1365, -1365, -1365, -1365, -1365, -1365, -1365, -1360, -1360, -1360, -1350, -1360, -1360, -1360, -1360, -1360, -1360, -1360, -1360, -1360, -1360, -1360, -1360, -1360, -1355, -1355, -1355, -1355, -1360, -1360, -1405, -1548, -1548, -1360, -1350, -1360, -1360, -1360, -1355, -1355, -1350, -1350, -1503, -1503, -1454, -1444, -1444, -1444, -1444, -1434, -1429, -1429, -1429, -1429, -1444, -1444, -1459, -1459, -1459, -1459, -1459, -1459, -1459, -1434, -1434, -1523, -1414, -1414, -1414, -1414, -1414, -1340, -1360, -1360, -1360, -1503, -1370, -1270, -1270, -1270, -1260, -1250, -1250, -1250, -1250, -1250, -1250, -1250, -1250, -1250, -1250, -1255, -1255, -1255, -1255, -1250, -1250, -1250, -1250, -1250, -1250, -1250, -1245, -1245, -1245, -1379, -1379, -1250, -1250, -1245, -1245, -1250, -1250, -1250, -1250, -1250, -1250, -1250, -1250, -1250, -1250, -1250, -1250, -1250, -1250, -1250, -1250, -1250, -1245, -1250, -1250, -1250, -1250, -1250, -1250, -1250, -1250, -1245, -1250, -1250, -1250, -1250, -1250, -1250, -1235, -1250, -1235, -1230, -1230, -1230, -1230, -1230, -1230, -1230, -1230, -1230, -1225, -1225, -1230, -1230, -1230, -1190, -1230, -1230, -1230, -1230, -1230, -1230, -1230, -1230, -1230, -1220, -1220, -1220, -1220, -1220, -1220, -1220, -1220, -1220, -1230, -1230, -1210, -1205, -1205, -1205, -1205, -1205, -1200, -1200, -1200, -1200, -1195, -1200, -1200, -1384, -1276, -1200, -1200, -1276, -1220, -1349, -1349, -1349, -1344, -1349, -1349, -1349, -1349, -1597, -1483, -1483, -1557, -1225, -1225, -1225, -1225, -1225, -1225, -1369, -1369, -1458, -1324, -1458, -1458, -1438, -1438, -1349, -1349, -1344, -1349, -1428, -1339, -1334, -1334, -1230, -1230, -1230, -1230, -1230, -1230, -1230, -1564, -1564, -1527, -1527, -1438, -1564, -1577, -1473, -1473, -1473, -1473, -1473, -1443, -1443, -1458, -1400, -1400, -1410, -1410, -1423, -1349, -1349, -1484, -1487, -1487, -1453, -1344, -1378, -1378, -1378, -1378, -1319, -1378, -1378, -1195, -1195, -1230, -1195, -1195, -1195, -1195, -1220, -1220, -1205, -1205, -1185, -1185, -1185, -1185, -1200, -1200, -1220, -1240, -1284, -1284, -1284, -1284, -1220, -1220, -1220, -1220, -1220, -1220, -1220, -1279, -1180, -1279, -1279, -1269, -1279, -1279, -1279, -1279, -1279, -1279, -1279, -1279, -1190, -1274, -1274, -1269, -1269, -1269, -1269, -1269, -1269, -1269, -1259, -1274, -1274, -1274, -1274, -1274, -1274, -1457, -1457, -1269, -1284, -1407, -1407, -1407, -1360, -1135, -1135, -1360, -1360, -1360, -1323, -1323, -1130, -1239, -1422, -1249, -1249, -1249, -1353, -1477, -1384, -1384, -1477, -1477, -1477, -1304, -1304, -1304, -1343, -1343, -1343, -1244, -1343, -1343, -1338, -1343, -1343, -1343, -1343, -1259, -1244, -1244, -1244, -1140, -1140, -1140, -1140, -1140, -1259, -1259, -1338, -1269, -1249, -1249, -1140, -1140, -1249, -1249, -1140, -1140, -1140, -1140, -1140, -1140, -1140, -1140, -1140, -1234, -1224, -1224, -1170, -1170, -1224, -1224, -1125, -1125, -1125, -1125, -1125, -1125, -1125, -1125, -1125, -1219, -1130, -1130, -1209, -1219, -1219, -1199, -1199, -1199, -1209, -1209, -1219, -1135, -1135, -1135, -1135, -1135, -1105, -1115, -1115, -1115, -1105, -1105, -1105, -1115, -1224, -1328, -1328, -1115, -1196, -1328, -1211, -1095, -1095, -1171, -1171, -1130, -1095, -1080, -1080, -1080, -1080, -1080, -1080, -1080, -1080, -1080, -1110, -1110, -1100, -1090, -1090, -1060, -1060, -1060, -1070, -1070, -1070, -1070, -1070, -1070, -1070, -1070, -1070, -1060, -1060, -1055, -1060, -1060, -1070, -1070, -1115, -1115, -1075, -1055, -1055, -1055, -1055, -1075, -1075, -1075, -1075, -1075, -1035, -1035, -1035, -1035, -1035, -1035, -1035, -1035, -1035, -1035, -1035, -1035, -1035, -1035, -1035, -1035, -1035, -1035, -1035, -1035, -1035, -1035, -1035, -1035, -1035, -1035, -1035, -1035, -1035, -1025, -1025, -1025, -1025, -1025, -1025, -1025, -1025, -1025, -1025, -1025, -1025, -1025, -1025, -1025, -1025, -1025, -1156, -1156, -1156, -1156, -1045, -1045, -1156, -1156, -1156, -1156, -1156, -1156, -1115, -1125, -1125, -1125, -1125, -1156, -1156, -1156, -1156, -1206, -1166, -1206, -1206, -1206, -1206, -1224, -1224, -1224, -1310, -1320, -1348, -1348, -1234, -1234, -1234, -1234, -1214, -1214, -1234, -1234, -1209, -1209, -1209, -1209, -1442, -1401, -1264, -1401, -1229, -1229, -1229, -1194, -1229, -1229, -1229, -1219, -1105, -1105, -1065, -1065, -1105, -1105, -1105, -1105, -1105, -1105, -1105, -1105, -1105, -1105, -1105, -1095, -1105, -1105, -1105, -1105, -1090, -1105, -1105, -1105, -1105, -1105, -1105, -1105, -1105, -1105, -1105, -1105, -1085, -1105, -1105, -1105, -1105, -1105, -1105, -1105, -1105, -1105, -1105, -1105, -1105, -1105, -1105, -1085, -1105, -1105, -1105, -1105, -1105, -1105, -1105, -1105, -1105, -1105, -1125, -1125, -1125, -1125, -1125, -1125, -1199, -1199, -1199, -1199, -1199, -1199, -1199, -1199, -1199, -1199, -1169, -1169, -1199, -1219, -1219, -1219, -1219, -1219, -1219, -1219, -1189, -1189, -1219, -1219, -1244, -1318, -1140, -1140, -1140, -1100, -1100, -1100, -1100, -1100, -1100, -1100, -1100, -1140, -1100, -1100, -1100, -1100, -1100, -1100, -1130, -1105, -1130, -1130, -1130, -1130, -1130, -1130, -1080, -1130, -1105, -1130, -1199, -1199, -1199, -1085, -1199, -1189, -1189, -1199, -1194, -1194, -1194, -1194, -1194, -1194, -1194, -1194, -1194, -1194, -1194, -1199, -1169, -1169, -1169, -1169, -1169, -1169, -1169, -1169, -1169, -1169, -1169, -1169, -1169, -1159, -1159, -1159, -1159, -1159, -1159, -1174, -1174, -1080, -1174, -1174, -1174, -1174, -1174, -1174, -1169, -1169, -1169, -1169, -1179, -1174, -1179, -1174, -1174, -1174, -1179, -1179, -1179, -1179, -1179, -1179, -1179, -1204, -1199, -1199, -1199, -1159, -1199, -1199, -1204, -1204, -1204, -1204, -1204, -1204, -1204, -1204, -1204, -1204, -1204, -1204, -1204, -1204, -1204, -1110, -1110, -1100, -1110, -1100, -1120, -1120, -1120, -1120, -1120, -1120, -1120, -1115, -1100, -1100, -1095, -1095, -1095, -1095, -1095, -1095, -1070, -1070, -1358, -1358, -1358, -1259, -1353, -1358, -1353, -1353, -1348, -1348, -1348, -1323, -1239, -1229, -1229, -1348, -1333, -1348, -1338, -1358, -1343, -1358, -1358, -1358, -1358, -1358, -1363, -1358, -1358, -1358, -1363, -1363, -1353, -1363, -1333, -1363, -1363, -1363, -1363, -1363, -1363, -1363, -1363, -1343, -1343, -1254, -1254, -1254, -1254, -1254, -1254, -1254, -1180, -1254, -1254, -1269, -1254, -1254, -1234, -1254, -1254, -1249, -1249, -1249, -1254, -1254, -1254, -1254, -1244, -1254, -1254, -1254, -1254, -1254, -1254, -1254, -1254, -1254, -1254, -1264, -1264, -1442, -1442, -1442, -1442, -1418, -1418, -1442, -1437, -1437, -1323, -1437, -1437, -1135, -1269, -1269, -1269, -1264, -1140, -1120, -1120, -1115, -1115, -1115, -1140, -1140, -1130, -1140, -1150, -1130, -1150, -1150, -1165, -1145, -1145, -1145, -1085, -1085, -1140, -1165, -1140, -1140, -1140, -1140, -1140, -1140, -1125, -1125, -1125, -1125, -1125, -1125, -1125, -1125, -1125, -1125, -1125, -1125, -1125, -1125, -1125, -1125, -1115, -1115, -1115, -1125, -1140, -1115, -1070, -1140, -1140, -1140, -1140, -1140, -1140, -1140, -1140, -1140, -1125, -1135, -1125, -1120, -1130, -1135, -1135, -1135, -1140, -1140, -1140, -1259, -1259, -1135, -1140, -1140, -1140, -1259, -1259, -1259, -1259, -1333, -1343, -1343, -1343, -1343, -1343, -1343, -1343, -1358, -1358, -1424, -1424, -1424, -1424, -1365, -1429, -1523, -1523, -1437, -1523, -1523, -1523, -1523, -1523, -1523, -1523, -1467, -1429, -1236, -1236, -1236, -1348, -1348, -1348, -1226, -1226, -1226, -1211, -1211, -1211, -1226, -1216, -1216, -1216, -1216, -1216, -1216, -1216, -1145, -1201, -1115, -1115, -1125, -1125, -1216, -1165, -1165, -1216, -1216, -1199, -1199, -1216, -1150, -1216, -1236, -1236, -1256, -1256, -1256, -1256, -1246, -1246, -1160, -1160, -1256, -1256, -1256, -1160, -1160, -1200, -1200, -1200, -1200, -1200, -1200, -1200, -1200, -1200, -1165, -1200, -1200, -1200, -1180, -1200, -1190, -1190, -1190, -1190, -1190, -1190, -1190, -1190, -1190, -1190, -1190, -1190, -1190, -1190, -1190, -1200, -1200, -1200, -1160, -1160, -1215, -1180, -1180, -1180, -1190, -1215, -1215, -1215, -1215, -1254, -1170, -1170, -1155, -1254, -1254, -1254, -1254, -1200, -1200, -1200, -1200, -1200, -1254, -1358, -1358, -1358, -1358, -1358, -1274, -1368, -1319, -1269, -1319, -1319, -1319, -1150, -1150, -1150, -1254, -1254, -1254, -1254, -1254, -1254, -1199, -1199, -1199, -1254, -1214, -1214, -1214, -1145, -1145, -1135, -1135, -1135, -1135, -1135, -1100, -1130, -1130, -1130, -1130, -1105, -1105, -1105, -1105, -1100, -1095, -1095, -1095, -1095, -1095, -1095, -1095, -1085, -1085, -1085, -1080, -1080, -1085, -1085, -1085, -1085, -1085, -1085, -1085, -1085, -1085, -1085, -1085, -1085, -1085, -1085, -1075, -1075, -1075, -1075, -1075, -1075, -1075, -1075, -1075, -1075, -1075, -1075, -1075, -1075, -1070, -1070, -1070, -1070, -1174, -1174, -1174, -1090, -1090, -1090, -1090, -1090, -1090, -1145, -1175, -1209, -1209, -1264, -1491, -1491, -1640, -1620, -1288, -1288, -1551, -1491, -1447, -1402, -1447, -1447, -1125, -1511, -1427, -1511, -1506, -1511, -1511, -1511, -1447, -1209, -1209, -1209, -1209, -1209, -1145, -1318, -1363, -1363, -1412, -1353, -1219, -1194, -1194, -1194, -1194, -1194, -1194, -1194, -1194, -1194, -1194, -1194, -1194, -1194, -1194, -1194, -1184, -1184, -1184, -1194, -1194, -1194, -1194, -1194, -1194, -1194, -1194, -1194, -1194, -1194, -1194, -1194, -1194, -1194, -1110, -1085, -1085, -1085, -1085, -1085, -1085, -1085, -1085, -1085, -1085, -1085, -1085, -1085, -1075, -1085, -1085, -1085, -1085, -1085, -1085, -1065, -1065, -1085, -1085, -1085, -1085, -1085, -1085, -1085, -1100, -1100, -1100, -1150, -1150, -1150, -1150, -1150, -1170, -1170, -1170, -1160, -1130, -1160, -1170, -1170, -1170, -1170, -1170, -1358, -1254, -1234, -1160, -1160, -1254, -1254, -1254, -1254, -1229, -1254, -1234, -1234, -1234, -1234, -1214, -1214, -1249, -1249, -1249, -1254, -1254, -1229, -1229, -1229, -1229, -1115, -1209, -1209, -1209, -1209, -1209, -1209, -1209, -1209, -1209, -1204, -1194, -1194, -1204, -1204, -1204, -1204, -1209, -1209, -1209, -1209, -1209, -1209, -1209, -1209, -1209, -1209, -1209, -1209, -1209, -1189, -1194, -1194, -1194, -1194, -1194, -1120, -1194, -1194, -1189, -1189, -1189, -1209, -1209, -1209, -1209, -1290, -1293, -1189, -1293, -1189, -1293, -1293, -1298, -1303, -1283, -1283, -1283, -1283, -1278, -1169, -1169, -1273, -1179, -1179, -1273, -1164, -1164, -1174, -1159, -1164, -1055, -1164, -1154, -1055, -1055, -1055, -1055, -1060, -1055, -1060, -1060, -1055, -1060, -1060, -1060, -1060, -1055, -1055, -1055, -1055, -1055, -1060, -1060, -1060, -1060, -1060, -1060, -1060, -1060, -1060, -1060, -1050, -1050, -1050, -1050, -1050, -1050, -1050, -1050, -1050, -1050, -1050, -1050, -1050, -1050, -1050, -1050, -1050, -1050, -1050, -1050, -1050, -1050, -1050, -1050, -1045, -1045, -1045, -1045, -1045, -1045, -1045, -1045, -1045, -1045, -1045, -1045, -1045, -1045, -1045, -1045, -1045, -1045, -1045, -1045, -1045, -1045, -1045, -1045, -1045, -1045, -1045, -1045, -1045, -1045, -1174, -1149, -1055, -1055, -1055, -1055, -1045, -1085, -1085, -1085, -1085, -1085, -1085, -1085, -1070, -1070, -1070, -1070, -1070, -1070, -1070, -1174, -1174, -1174, -1105, -1105, -1105, -1105, -1095, -1105, -1100, -1100, -1085, -1085, -1070, -1070, -1070, -1070, -1070, -1204, -1204, -1204, -1521, -1427, -1427, -1209, -1427, -1209, -1184, -1204, -1184, -1184, -1184, -1323, -1323, -1421, -1401, -1199, -1199, -1199, -1199, -1199, -1199, -1298, -1298, -1298, -1298, -1320, -1320, -1530, -1530, -1530, -1530, -1605, -1392, -1550, -1605, -1605, -1605, -1605, -1605, -1625, -1382, -1382, -1278, -1278, -1278, -1278, -1278, -1169, -1169, -1169, -1169, -1169, -1169, -1169, -1169, -1189, -1189, -1189, -1278, -1278, -1273, -1273, -1273, -1268, -1268, -1268, -1273, -1273, -1273, -1273, -1278, -1278, -1278, -1278, -1323, -1135, -1135, -1135, -1135, -1100, -1080, -1189, -1189, -1189, -1174, -1170, -1149, -1149, -1149, -1149, -1055, -1055, -1055, -1224, -1164, -1224, -1135, -1130, -1130, -1130, -1075, -1075, -1075, -1075, -1075, -1045, -1045, -1045, -1045, -1045, -1045, -1045, -1045, -1045, -1045, -1045, -1045, -1045, -1070, -1070, -1070, -1080, -1080, -1194, -1194, -1432, -1130, -1496, -1402, -1402, -1278, -1402, -1209, -1209, -1120, -1115, -1115, -1120, -1120, -1100, -1100, -1115, -1115, -1120, -1120, -1115, -1120, -1333, -1333, -1308, -1125, -1308, -1308, -1308, -1308, -1308, -1308, -1308, -1125, -1303, -1308, -1308, -1299, -1100, -1100, -1100, -1100, -1100, -1100, -1100, -1100, -1090, -1090, -1100, -1100, -1100, -1100, -1100, -1100, -1100, -1100, -1095, -1095, -1095, -1100, -1100, -1100, -1100, -1100, -1100, -1100, -1328, -1412, -1412, -1412, -1308, -1189, -1189, -1189, -1174, -1189, -1219, -1199, -1199, -1199, -1308, -1298, -1308, -1328, -1427, -1427, -1427, -1427, -1427, -1387, -1427, -1338, -1338, -1338, -1338, -1338, -1338, -1338, -1338, -1338, -1338, -1204, -1328, -1338, -1338, -1338, -1338, -1338, -1338, -1338, -1338, -1338, -1234, -1234, -1234, -1234, -1234, -1224, -1224, -1224, -1224, -1224, -1224, -1120, -1234, -1234, -1234, -1234, -1234, -1209, -1234, -1234, -1234, -1209, -1234, -1234, -1120, -1120, -1120, -1120, -1120, -1120, -1120, -1120, -1120, -1120, -1120, -1120, -1120, -1120, -1090, -1090, -1090, -1090, -1090, -1090, -1090, -1090, -1090, -1090, -1090, -1090, -1090, -1090, -1090, -1090, -1090, -1090, -1090, -1090, -1090, -1090, -1090, -1075, -1075, -1075, -1090, -1090, -1090, -1090, -1090, -1090, -1090, -1090, -1090, -1090, -1090, -1090, -1090, -1090, -1090, -1090, -1085, -1085, -1085, -1085, -1090, -1090, -1090, -1090, -1090, -1090, -1090, -1090, -1090, -1090, -1065, -1065, -1065, -1065, -1065, -1065, -1065, -1065, -1065, -1065, -1065, -1065, -1065, -1065, -1065, -1065, -1065, -1065, -1065, -1055, -1065, -1065, -1065, -1065, -1065, -1065, -1065, -1065, -1060, -1065, -1065, -1065, -1065, -1065, -1065, -1065, -1065, -1065, -1065, -1065, -1065, -1065, -1065, -1065, -1065, -1065, -1065, -1065, -1065, -1065, -1065, -1065, -1065, -1065, -1065, -1065, -1065, -1065, -1065, -1065, -1065, -1065, -1065, -1065, -1065, -1065, -1065, -1065, -1065, -1065, -1065, -1065, -1065, -1065, -1065, -1065, -1065, -1065, -1065, -1065, -1065, -1065, -1065, -1065, -1065, -1065, -1065, -1065, -1065, -1065, -1065, -1065, -1065, -1065, -1065, -1065, -1065, -1065, -1065, -1065, -1065, -1065, -1065, -1065, -1065, -1065, -1065, -1065, -1065, -1065, -1065, -1065, -1065, -1065, -1065, -1065, -1065, -1065, -1065, -1065, -1065, -1065, -1065, -1065, -1065, -1065, -1065, -1065, -1065, -1065, -1095, -1095, -1065, -1065, -1065, -1065, -1065, -1065, -1065, -1065, -1065, -1065, -1065, -1065, -1065, -1065, -1065, -1065, -1065, -1065, -1060, -1060, -1065, -1055, -1055, -1055, -1055, -1055, -1055, -1055, -1055, -1055, -1055, -1065, -1065, -1065, -1065, -1065, -1065, -1055, -1065, -1065, -1065, -1065, -1065, -1065, -1065, -1065, -1070, -1065, -1184, -1065, -1065, -1065, -1075, -1174, -1184, -1184, -1184, -1184, -1184, -1100, -1184, -1184, -1184, -1189, -1189, -1189, -1189, -1189, -1189, -1184, -1184, -1184, -1184, -1184, -1184, -1184, -1184, -1070, -1070, -1070, -1189, -1125, -1189, -1125, -1070, -1070, -1070, -1070, -1070, -1070, -1070, -1070, -1070, -1070, -1070, -1095, -1174, -1174, -1189, -1189, -1189, -1105, -1105, -1105, -1105, -1105, -1090, -1105, -1090, -1090, -1090, -1090, -1090, -1090, -1090, -1090, -1090, -1090, -1090, -1090, -1090, -1090, -1090, -1100, -1214, -1214, -1105, -1214, -1095, -1095, -1095, -1095, -1095, -1095, -1095, -1095, -1105, -1105, -1105, -1105, -1105, -1194, -1194, -1194, -1194, -1194, -1194, -1110, -1110, -1194, -1194, -1090, -1090, -1090, -1194, -1189, -1189, -1184, -1184, -1189, -1085, -1090, -1095, -1184, -1184, -1174, -1174, -1174, -1085, -1065, -1065, -1065, -1070, -1100, -1100, -1100, -1080, -1100, -1100, -1100, -1100, -1100, -1100, -1100, -1085, -1085, -1085, -1085, -1085, -1085, -1085, -1085, -1085, -1085, -1085, -1085, -1085, -1085, -1070, -1070, -1085, -1085, -1085, -1085, -1085, -1085, -1085, -1085, -1085, -1085, -1085, -1194, -1085, -1293, -1278, -1070, -1070, -1070, -1070, -1105, -1105, -1090, -1090, -1055, -1055, -1055, -1055, -1090, -1055, -1055, -1055, -1090, -1090, -1090, -1090, -1090, -1090, -1090, -1090, -1090, -1090, -1090, -1090, -1090, -1090, -1100, -1110, -1110, -1110, -1110, -1110, -1090, -1090, -1090, -1090, -1090, -1090, -1090, -1090, -1090, -1090, -1090, -1085, -1085, -1085, -1085, -1085, -1085, -1085, -1085, -1090, -1090, -1090, -1090, -1090, -1090, -1090, -1070, -1090, -1090, -1090, -1090, -1090, -1090, -1090, -1090, -1090, -1090, -1090, -1090, -1080, -1090, -1090, -1090, -1090, -1090, -1090, -1090, -1090, -1090, -1090, -1090, -1090, -1090, -1090, -1090, -1090, -1090, -1090, -1090, -1090, -1090, -1090, -1090, -1090, -1090, -1090, -1090, -1090, -1090, -1125, -1115, -1125, -1125, -1189, -1189, -1189, -1189, -1189, -1189, -1189, -1189, -1189, -1189, -1189, -1189, -1189, -1189, -1189, -1189, -1189, -1189, -1189, -1189, -1189, -1100, -1100, -1189, -1189, -1189, -1189, -1189, -1189, -1189, -1070, -1070, -1085, -1085, -1085, -1085, -1085, -1085, -1085, -1085, -1080, -1080, -1080, -1085, -1085, -1080, -1080, -1085, -1085, -1085, -1085, -1085, -1085, -1085, -1085, -1075, -1075, -1075, -1075, -1075, -1085, -1085, -1085, -1085, -1085, -1085, -1085, -1085, -1085, -1085, -1085, -1085, -1085, -1085, -1085, -1085, -1080, -1080, -1085, -1085, -1085, -1085, -1085, -1085, -1085, -1085, -1085, -1085, -1085, -1085, -1085, -1085, -1085, -1050, -1050, -1085, -1085, -1085, -1080, -1085, -1085, -1085, -1085, -1085, -1085, -1085, -1085, -1085, -1100, -1100, -1100, -1100, -1100, -1100, -1100, -1100, -1100, -1100, -1080, -1100, -1100, -1100, -1100, -1100, -1100, -1100, -1100, -1100, -1100, -1100, -1100, -1100, -1100, -1100, -1100, -1100, -1100, -1100, -1100, -1100, -1100, -1100, -1100, -1100, -1100, -1100, -1100, -1100, -1100, -1100, -1100, -1105, -1105, -1105, -1100, -1100, -1100, -1100, -1100, -1095, -1100, -1224, -1224, -1268, -1268, -1268, -1268, -1065, -1065, -1268, -1268, -1268, -1268, -1268, -1268, -1268, -1075, -1268, -1075, -1095, -1268, -1268, -1268, -1268, -1174, -1268, -1268, -1268, -1268, -1268, -1268, -1268, -1268, -1268, -1268, -1268, -1268, -1268, -1199, -1268, -1268, -1268, -1268, -1268, -1075, -1075, -1075, -1075, -1075, -1075, -1075, -1075, -1075, -1075, -1060, -1075, -1075, -1075, -1075, -1075, -1075, -1075, -1075, -1065, -1075, -1075, -1075, -1025, -1025, -1025, -1025, -1025, -1025, -1025, -1025, -1025, -1025, -1015, -1025, -1025, -1025, -1025, -1025, -1025, -1015, -1015, -1015, -1015, -1015, -1015, -1015, -1015, -1015, -1015, -1015, -1015, -1015, -1015, -1015, -1015, -1015, -995, -1065, -1065, -1065, -1045, -1045, -1045, -1045, -1060, -1060, -1060, -1030, -1030, -1060, -1060, -1357, -1357, -1387, -1387, -1397, -1377, -1377, -1397, -1070, -1397, -1397, -1397, -1397, -1397, -1397, -1387, -1387, -1397, -1397, -1382, -1382, -1382, -1382, -1372, -1372, -1050, -1164, -1164, -1164, -1387, -1387, -1387, -1387, -1387, -1367, -1367, -1367, -1194, -1194, -1194, -1194, -1194, -1194, -1189, -1085, -1189, -1189, -1189, -1110, -1110, -1224, -1229, -1184, -1184, -1184, -1184, -1204, -1204, -1204, -1204, -1204, -1204, -1204, -1204, -1204, -1204, -1204, -1204, -1204, -1204, -1204, -1204, -1204, -1204, -1204, -1204, -1204, -1204, -1110, -1204, -1090, -1090, -1090, -1204, -1204, -1204, -1204, -1204, -1199, -1199, -1199, -1204, -1204, -1204, -1199, -1204, -1204, -1105, -1105, -1199, -1199, -1199, -1204, -1204, -1204, -1204, -1204, -1204, -1204, -1204, -1184, -1204, -1204, -1085, -1085, -1085, -1085, -1085, -1105, -1085, -1085, -1085, -1085, -1085, -1085, -1085, -1085, -1085, -1085, -1085, -1085, -1085, -1085, -1085, -1080, -1080, -1080, -1075, -1075, -1075, -1075, -1085, -1080, -1045, -1085, -1065, -1085, -1085, -1085, -1085, -1085, -1085, -1085, -1085, -1085, -1085, -1085, -1085, -1085, -1085, -1085, -1085, -1085, -1085, -1085, -1085, -1085, -1070, -1070, -1070, -1085, -1085, -1085, -1085, -1070, -1070, -1085, -1085, -1085, -1085, -1085, -1085, -1085, -1085, -1085, -1085, -1085, -1085, -1085, -1085, -1085, -1085, -1085, -1085, -1085, -1115, -1115, -1085, -1115, -1115, -1115, -1115, -1115, -1115, -1115, -1115, -1115, -1095, -1090, -1115, -1115, -1115, -1105, -1105, -1115, -1115, -1115, -1115, -1115, -1115, -1100, -1100, -1100, -1100, -1100, -1100, -1100, -1412, -1318, -1318, -1318, -1318, -1214, -1318, -1204, -1204, -1100, -1204, -1100, -1100, -1100, -1100, -1100, -1095, -1095, -1095, -1095, -1095, -1095, -1095, -1095, -1095, -1095, -1095, -1095, -1095, -1095, -1095, -1095, -1095, -1095, -1095, -1095, -1095, -1095, -1095, -1095, -1095, -1095, -1095, -1095, -1095, -1095, -1095, -1095, -1100, -1095, -1095, -1095, -1105, -1105, -1105, -1105, -1105, -1090, -1105, -1105, -1105, -1095, -1095, -1095, -1095, -1095, -1095, -1095, -1095, -1095, -1095, -1085, -1085, -1085, -1085, -1085, -1085, -1085, -1085, -1080, -1080, -1080, -1080, -1065, -1065, -1065, -1080, -1080, -1080, -1080, -1080, -1080, -1080, -1080, -1080, -1080, -1194, -1120, -1120, -1120, -1120, -1120, -1120, -1120, -1120, -1100, -1100, -1100, -1100, -1100, -1100, -1100, -1120, -1120, -1120, -1120, -1120, -1120, -1234, -1150, -1170, -1120, -1120, -1120, -1120, -1150, -1145, -1145, -1145, -1145, -1150, -1150, -1150, -1150, -1125, -1125, -1125, -1125, -1125, -1125, -1125, -1125, -1125, -1125, -1125, -1110, -1100, -1100, -1125, -1125, -1125, -1125, -1125, -1125, -1125, -1125, -1125, -1130, -1130, -1110, -1110, -1145, -1150, -1150, -1150, -1150, -1150, -1150, -1338, -1338, -1269, -1269, -1165, -1165, -1165, -1165, -1165, -1165, -1165, -1165, -1165, -1160, -1274, -1358, -1472, -1472, -1420, -1234, -1234, -1234, -1130, -1130, -1130, -1130, -1145, -1145, -1135, -1145, -1145, -1145, -1200, -1296, -1296, -1296, -1296, -1296, -1296, -1296, -1215, -1215, -1296, -1205, -1205, -1205, -1205, -1205, -1205, -1286, -1334, -1334, -1334, -1334, -1334, -1334, -1334, -1334, -1344, -1344, -1344, -1344, -1344, -1344, -1344, -1321, -1344, -1344, -1344, -1344, -1344, -1344, -1344, -1344, -1344, -1344, -1344, -1344, -1334, -1344, -1344, -1344, -1344, -1344, -1344, -1344, -1344, -1344, -1344, -1319, -1319, -1319, -1304, -1304, -1304, -1304, -1304, -1304, -1304, -1334, -1334, -1334, -1334, -1334, -1334, -1334, -1344, -1344, -1344, -1260, -1260, -1260, -1260, -1344, -1344, -1344, -1334, -1344, -1501, -1501, -1496, -1501, -1501, -1415, -1415, -1415, -1415, -1415, -1448, -1311, -1311, -1413, -1301, -1205, -1613, -1613, -1613, -1608, -1509, -1509, -1309, -1309, -1309, -1309, -1309, -1309, -1309, -1304, -1304, -1304, -1304, -1304, -1304, -1304, -1304, -1304, -1304, -1304, -1304, -1304, -1304, -1304, -1304, -1304, -1304, -1304, -1304, -1304, -1304, -1304, -1230, -1230, -1230, -1230, -1230, -1230, -1230, -1230, -1304, -1304, -1304, -1309, -1309, -1339, -1390, -1390, -1390, -1390, -1390, -1390, -1304, -1304, -1304, -1304, -1304, -1304, -1195, -1195, -1195, -1304, -1304, -1304, -1304, -1304, -1304, -1304, -1304, -1200, -1200, -1304, -1304, -1304, -1304, -1304, -1304, -1304, -1304, -1304, -1304, -1299, -1299, -1299, -1299, -1299, -1299, -1299, -1299, -1289, -1289, -1279, -1279, -1279, -1175, -1175, -1175, -1175, -1279, -1175, -1175, -1175, -1155, -1155, -1155, -1155, -1155, -1185, -1185, -1180, -1180, -1180, -1180, -1180, -1254, -1254, -1254, -1254, -1254, -1254, -1254, -1254, -1254, -1254, -1254, -1249, -1249, -1150, -1150, -1150, -1150, -1150, -1150, -1150, -1150, -1150, -1150, -1160, -1244, -1180, -1180, -1180, -1180, -1180, -1180, -1180, -1180, -1180, -1180, -1180, -1180, -1180, -1180, -1180, -1180, -1180, -1180, -1180, -1180, -1180, -1160, -1160, -1160, -1160, -1140, -1160, -1160, -1140, -1140, -1160, -1160, -1160, -1160, -1160, -1160, -1160, -1160, -1160, -1322, -1160, -1342, -1160, -1160, -1160, -1322, -1322, -1155, -1322, -1322, -1308, -1224, -1224, -1224, -1130, -1130, -1130, -1130, -1135, -1135, -1140, -1150, -1150, -1150, -1150, -1150, -1150, -1150, -1150, -1393, -1378, -1378, -1165, -1363, -1363, -1130, -1110, -1110, -1110, -1110, -1110, -1110, -1150, -1150, -1150, -1125, -1125, -1125, -1150, -1150, -1140, -1140, -1150, -1150, -1150, -1150, -1150, -1150, -1150, -1150, -1150, -1150, -1150, -1150, -1150, -1150, -1150, -1150, -1150, -1150, -1150, -1125, -1130, -1130, -1130, -1130, -1130, -1140, -1140, -1140, -1165, -1165, -1150, -1165, -1145, -1165, -1165, -1165, -1165, -1165, -1165, -1165, -1165, -1165, -1165, -1165, -1165, -1165, -1165, -1165, -1165, -1165, -1165, -1165, -1165, -1165, -1165, -1165, -1165, -1165, -1165, -1165, -1165, -1165, -1165, -1165, -1165, -1165, -1165, -1165, -1165, -1165, -1165, -1165, -1165, -1165, -1165, -1165, -1165, -1165, -1165, -1165, -1165, -1165, -1165, -1165, -1165, -1165, -1165, -1165, -1165, -1165, -1165, -1165, -1165, -1165, -1165, -1145, -1165, -1165, -1165, -1165, -1165, -1165, -1165, -1155, -1155, -1130, -1130, -1130, -1165, -1165, -1165, -1165, -1165, -1165, -1165, -1150, -1165, -1165, -1165, -1130, -1130, -1165, -1165, -1249, -1214, -1115, -1249, -1249, -1249, -1214, -1179, -1179, -1199, -1145, -1145, -1145, -1095, -1095, -1095, -1095, -1095, -1095, -1095, -1095, -1095, -1095, -1095, -1095, -1090, -1090, -1145, -1145, -1145, -1145, -1145, -1170, -1160, -1160, -1135, -1135, -1135, -1135, -1110, -1110, -1110, -1110, -1110, -1110, -1110, -1110, -1110, -1110, -1110, -1110, -1110, -1110, -1110, -1110, -1110, -1110, -1105, -1105, -1105, -1105, -1105, -1105, -1105, -1090, -1090, -1090, -1090, -1105, -1105, -1105, -1105, -1105, -1105, -1105, -1105, -1105, -1105, -1105, -1105, -1105, -1105, -1105, -1105, -1105, -1110, -1110, -1095, -1095, -1095, -1095, -1095, -1095, -1095, -1234, -1095, -1095, -1140, -1125, -1110, -1140, -1140, -1140, -1140, -1140, -1120, -1120, -1140, -1140, -1140, -1140, -1140, -1135, -1135, -1135, -1135, -1100, -1100, -1100, -1090, -1090, -1090, -1090, -1090, -1090, -1090, -1090, -1090, -1090, -1100, -1100, -1100, -1100, -1100, -1100, -1100, -1095, -1090, -1090, -1090, -1100, -1100, -1100, -1100, -1095, -1090, -1095, -1095, -1100, -1100, -1120, -1120, -1100, -1100, -1120, -1115, -1120, -1120, -1110, -1110, -1110, -1120, -1120, -1120, -1110, -1110, -1110, -1095, -1095, -1095, -1095, -1110, -1110, -1110, -1110, -1095, -1110, -1110, -1110, -1110, -1110, -1110, -1100, -1110, -1110, -1110, -1110, -1110, -1110, -1110, -1110, -1110, -1095, -1095, -1095, -1095, -1095, -1095, -1100, -1090, -1050, -1055, -1095, -1095, -1095, -1100, -1100, -1100, -1100, -1090, -1090, -1090, -1090, -1090, -1090, -1090, -1090, -1090, -1090, -1209, -1209, -1209, -1209, -1209, -1209, -1209, -1209, -1209, -1199, -1199, -1209, -1100, -1100, -1100, -1095, -1100, -1100, -1100, -1100, -1100, -1100, -1100, -1085, -1085, -1085, -1085, -1100, -1100, -1085, -1085, -1085, -1085, -1085, -1085, -1085, -1085, -1085, -1085, -1085, -1085, -1085, -1085, -1085, -1075, -1075, -1075, -1075, -1075, -1075, -1075, -1075, -1075, -1075, -1060, -1060, -1060, -1075, -1075, -1075, -1075, -1075, -1075, -1075, -1075, -1075, -1050, -1065, -1065, -1065, -1075, -1075, -1075, -1075, -1075, -1075, -1075, -1075, -1075, -1075, -1075, -1075, -1075, -1075, -1035, -1075, -1075, -1075, -1075, -1075, -1075, -1035, -1035, -1035, -1035, -1075, -1075, -1075, -1075, -1075, -1075, -1075, -1075, -1075, -1075, -1075, -1075, -1055, -1075, -1075, -1050, -1050, -1050, -1050, -1050, -1050, -1050, -1050, -1050, -1050, -1035, -1035, -1035, -1035, -1050, -1050, -1050, -1050, -1050, -1050, -1050, -1050, -1045, -1045, -1025, -1025, -1025, -1025, -1025, -1025, -1025, -1050, -1040, -1040, -1040, -1040, -1040, -1040, -1040, -1040, -1040, -1000, -1040, -1040, -1040, -1040, -1040, -1040, -1040, -1040, -1040, -1040, -1040, -1040, -1149, -1149, -1149, -1336, -1336, -1336, -1248, -1248, -1171, -1055, -1070, -1070, -1070, -1070, -1070, -1070, -1030, -1030, -1030, -1030, -1030, -1030, -1030, -1030, -1030, -1030, -1030, -1030, -1030, -1030, -1030, -1030, -1030, -1030, -1030, -1030, -1030, -1030, -1030, -1030, -1030, -1030, -1030, -1030, -1030, -1030, -1030, -1020, -1030, -1030, -1030, -1030, -1030, -1030, -1030, -1030, -1030, -990, -990, -990, -990, -990, -990, -990, -990, -990, -990, -990, -990, -990, -990, -990, -990, -990, -990, -990, -990, -990, -990, -990, -990, -990, -990, -990, -990, -990, -980, -980, -980, -980, -980, -980, -980, -975, -975, -1000, -985, -980, -980, -980, -980, -980, -985, -985, -985, -985, -1203, -1193, -1193, -1193, -1193, -1193, -1193, -1193, -1193, -1193, -980, -980, -1218, -1188, -1188, -1203, -1188, -980, -980, -980, -980, -980, -980, -980, -980, -980, -980, -980, -980, -980, -980, -980, -1198, -1198, -1094, -1198, -1198, -1203, -1238, -1238, -1124, -1084, -1015, -1015, -1124, -1124, -1015, -1015, -1106, -1106, -1106, -1010, -1010, -1000, -1010, -1010, -1193, -990, -990, -980, -980, -980, -980, -980, -980, -995, -995, -995, -995, -995, -995, -995, -1099, -1099, -1099, -980, -980, -980, -980, -980, -980, -980, -980, -980, -980, -990, -975, -1020, -1020, -1020, -1020, -1020, -1020, -1020, -1020, -1020, -1020]
