Selecci칩n Ruleta
Cruzamiento Uniforme 0.2
Mutaci칩n Gaussiana 0.1 0.5

Resultado obtenido en 13584 iteraciones.
Aptitud: -935
Mejor genotipo: [[[50],[0],[0],[0],[0]],[[100],[100],[0],[100],[100]],[[0],[60],[60],[60],[60]],[[0],[0],[100],[0],[0]],[[50],[50],[50],[50],[50]]]

Resultado obtenido en 13724 iteraciones.
Aptitud: -935
Mejor genotipo: [[[50],[0],[0],[0],[0]],[[100],[100],[0],[100],[100]],[[60],[60],[60],[20],[50]],[[100],[0],[0],[0],[0]],[[50],[50],[50],[50],[50]]]

Resultado obtenido en 13979 iteraciones.
Aptitud: -935
Mejor genotipo: [[[50],[0],[0],[0],[0]],[[100],[100],[0],[100],[100]],[[60],[0],[60],[60],[60]],[[100],[0],[0],[0],[0]],[[50],[50],[50],[50],[50]]]

Resultado obtenido en 11483 iteraciones.
Aptitud: -935
Mejor genotipo: [[[50],[0],[0],[0],[0]],[[100],[100],[0],[100],[100]],[[10],[60],[60],[60],[60]],[[0],[0],[100],[0],[0]],[[50],[50],[50],[50],[50]]]

Resultado obtenido en 15811 iteraciones.
Aptitud: -935
Mejor genotipo: [[[50],[0],[0],[0],[0]],[[100],[100],[0],[100],[100]],[[60],[0],[60],[60],[60]],[[0],[0],[0],[0],[100]],[[50],[50],[50],[50],[50]]]

Resultado obtenido en 12293 iteraciones.
Aptitud: -935
Mejor genotipo: [[[50],[0],[0],[0],[0]],[[100],[100],[0],[100],[100]],[[60],[50],[55],[60],[25]],[[0],[0],[100],[0],[0]],[[50],[50],[50],[50],[50]]]

Resultado obtenido en 12139 iteraciones.
Aptitud: -935
Mejor genotipo: [[[50],[0],[0],[0],[0]],[[100],[100],[0],[100],[100]],[[60],[60],[60],[0],[60]],[[0],[0],[0],[0],[100]],[[50],[50],[50],[50],[50]]]

Resultado obtenido en 13439 iteraciones.
Aptitud: -935
Mejor genotipo: [[[50],[0],[0],[0],[0]],[[100],[100],[0],[100],[100]],[[60],[45],[25],[60],[60]],[[0],[0],[100],[0],[0]],[[50],[50],[50],[50],[50]]]

Resultado obtenido en 11631 iteraciones.
Aptitud: -935
Mejor genotipo: [[[50],[0],[0],[0],[0]],[[100],[100],[0],[100],[100]],[[15],[60],[55],[60],[60]],[[0],[0],[100],[0],[0]],[[50],[50],[50],[50],[50]]]

Resultado obtenido en 13646 iteraciones.
Aptitud: -935
Mejor genotipo: [[[50],[0],[0],[0],[0]],[[100],[100],[0],[100],[100]],[[60],[60],[60],[0],[60]],[[0],[0],[100],[0],[0]],[[50],[50],[50],[50],[50]]]

La cantidad promedio de iteraciones fueron 13172.9 y la m치xima fue de 15811
Hubieron 10 resultado(s) con el valor de aptitud -935, que fue el mas alto.
La menor cantidad de iteraciones para llegar al mejor resultado fue de 11483. El genotipo fue:
[[[50],[0],[0],[0],[0]],[[100],[100],[0],[100],[100]],[[10],[60],[60],[60],[60]],[[0],[0],[100],[0],[0]],[[50],[50],[50],[50],[50]]]

Los datos de aptitud por iteraci칩n son:
[-505801, -405224, -405224, -304700, -205173, -204321, -203930, -104500, -104500, -104143, -103553, -103571, -103571, -103256, -103256, -103256, -103256, -102957, -103053, -103053, -4540, -4540, -4127, -3280, -3151, -3151, -2707, -2707, -2761, -2761, -2550, -2409, -2235, -2126, -2235, -2609, -2609, -2503, -2503, -2463, -2463, -2042, -2042, -2042, -2042, -1824, -1928, -1948, -1948, -1948, -1948, -1948, -1948, -1933, -1933, -1933, -1948, -1948, -1948, -1948, -1943, -1948, -1948, -1824, -1765, -1948, -1948, -1948, -1948, -1814, -1948, -1948, -1948, -1824, -1824, -1824, -1740, -1740, -1740, -1740, -1740, -1759, -1759, -1759, -1759, -1759, -1824, -1824, -1824, -1824, -1824, -1824, -1824, -1824, -1363, -1507, -1507, -1507, -1507, -1507, -1393, -1507, -1507, -1507, -1507, -1507, -1507, -1507, -1507, -1507, -1507, -1507, -1507, -1507, -1507, -1507, -1507, -1378, -1507, -1378, -1378, -1378, -1378, -1378, -1378, -1378, -1378, -1507, -1507, -1507, -1507, -1507, -1502, -1502, -1507, -1507, -1507, -1507, -1507, -1507, -1507, -1507, -1507, -1438, -1289, -1482, -1482, -1507, -1403, -1507, -1507, -1507, -1507, -1507, -1507, -1398, -1398, -1398, -1398, -1398, -1398, -1398, -1398, -1398, -1398, -1398, -1398, -1398, -1398, -1398, -1398, -1398, -1398, -1398, -1398, -1398, -1398, -1398, -1398, -1398, -1398, -1398, -1398, -1418, -1418, -1418, -1418, -1309, -1309, -1309, -1309, -1418, -1418, -1418, -1418, -1418, -1418, -1418, -1418, -1418, -1418, -1418, -1215, -1215, -1215, -1215, -1215, -1215, -1215, -1215, -1215, -1215, -1304, -1299, -1304, -1304, -1304, -1304, -1304, -1304, -1304, -1304, -1304, -1304, -1304, -1304, -1200, -1200, -1200, -1200, -1200, -1200, -1200, -1200, -1200, -1200, -1200, -1200, -1200, -1200, -1200, -1175, -1175, -1200, -1200, -1200, -1195, -1195, -1195, -1195, -1155, -1195, -1195, -1195, -1195, -1195, -1195, -1195, -1195, -1195, -1195, -1195, -1195, -1195, -1195, -1190, -1175, -1195, -1195, -1195, -1195, -1195, -1195, -1195, -1195, -1195, -1195, -1175, -1175, -1175, -1195, -1185, -1185, -1185, -1185, -1185, -1165, -1165, -1155, -1155, -1155, -1185, -1185, -1185, -1185, -1185, -1185, -1185, -1185, -1185, -1185, -1185, -1185, -1185, -1185, -1185, -1185, -1185, -1185, -1185, -1185, -1185, -1185, -1185, -1185, -1185, -1185, -1185, -1180, -1185, -1185, -1185, -1185, -1185, -1185, -1185, -1185, -1185, -1185, -1160, -1160, -1180, -1180, -1180, -1185, -1185, -1185, -1185, -1185, -1185, -1185, -1185, -1185, -1185, -1185, -1185, -1185, -1185, -1185, -1185, -1185, -1185, -1185, -1334, -1334, -1334, -1334, -1334, -1334, -1319, -1289, -1185, -1185, -1185, -1150, -1150, -1185, -1185, -1185, -1185, -1185, -1175, -1185, -1185, -1185, -1185, -1185, -1185, -1185, -1185, -1185, -1185, -1185, -1185, -1185, -1185, -1185, -1185, -1185, -1185, -1185, -1185, -1185, -1185, -1175, -1185, -1289, -1289, -1304, -1304, -1304, -1304, -1304, -1304, -1304, -1304, -1304, -1329, -1329, -1329, -1329, -1329, -1329, -1343, -1343, -1343, -1343, -1343, -1323, -1323, -1323, -1219, -1219, -1219, -1244, -1244, -1244, -1244, -1244, -1244, -1244, -1244, -1244, -1244, -1239, -1135, -1244, -1244, -1244, -1244, -1244, -1244, -1244, -1244, -1244, -1244, -1244, -1244, -1244, -1244, -1244, -1244, -1244, -1244, -1155, -1155, -1244, -1244, -1244, -1244, -1244, -1244, -1244, -1244, -1244, -1199, -1244, -1244, -1229, -1229, -1229, -1229, -1229, -1229, -1219, -1219, -1219, -1219, -1219, -1219, -1110, -1219, -1219, -1219, -1219, -1219, -1219, -1219, -1219, -1219, -1219, -1219, -1219, -1219, -1219, -1219, -1219, -1219, -1219, -1219, -1201, -1219, -1219, -1219, -1219, -1219, -1219, -1219, -1219, -1219, -1219, -1219, -1219, -1219, -1219, -1219, -1219, -1219, -1219, -1219, -1125, -1125, -1125, -1125, -1125, -1125, -1125, -1125, -1125, -1125, -1125, -1125, -1110, -1110, -1110, -1110, -1125, -1125, -1125, -1125, -1125, -1125, -1125, -1125, -1125, -1125, -1125, -1125, -1125, -1110, -1125, -1125, -1125, -1125, -1125, -1125, -1125, -1125, -1125, -1125, -1125, -1125, -1125, -1125, -1125, -1125, -1125, -1125, -1125, -1125, -1125, -1125, -1125, -1125, -1125, -1125, -1125, -1125, -1125, -1125, -1125, -1125, -1125, -1125, -1125, -1125, -1125, -1125, -1120, -1125, -1125, -1125, -1125, -1125, -1125, -1125, -1125, -1125, -1125, -1125, -1125, -1125, -1125, -1125, -1125, -1125, -1125, -1125, -1125, -1125, -1125, -1125, -1125, -1125, -1125, -1125, -1125, -1125, -1125, -1125, -1125, -1125, -1125, -1125, -1125, -1125, -1125, -1125, -1125, -1125, -1125, -1125, -1125, -1125, -1125, -1125, -1125, -1125, -1125, -1125, -1125, -1125, -1125, -1125, -1125, -1125, -1125, -1125, -1125, -1125, -1125, -1125, -1125, -1125, -1125, -1125, -1125, -1125, -1125, -1125, -1125, -1125, -1125, -1125, -1125, -1125, -1125, -1125, -1125, -1125, -1125, -1125, -1125, -1125, -1125, -1125, -1125, -1125, -1125, -1125, -1125, -1125, -1125, -1110, -1110, -1120, -1120, -1110, -1120, -1120, -1120, -1120, -1120, -1120, -1120, -1120, -1234, -1234, -1234, -1234, -1249, -1363, -1363, -1363, -1264, -1264, -1264, -1264, -1264, -1264, -1264, -1264, -1244, -1244, -1244, -1244, -1244, -1244, -1244, -1244, -1244, -1244, -1244, -1244, -1234, -1234, -1244, -1244, -1244, -1244, -1244, -1244, -1219, -1219, -1219, -1244, -1244, -1244, -1244, -1244, -1244, -1229, -1229, -1229, -1229, -1229, -1244, -1244, -1244, -1244, -1244, -1244, -1244, -1209, -1244, -1234, -1234, -1234, -1234, -1234, -1234, -1234, -1244, -1244, -1244, -1244, -1244, -1224, -1224, -1224, -1244, -1244, -1244, -1244, -1244, -1244, -1244, -1244, -1224, -1224, -1224, -1224, -1224, -1224, -1224, -1224, -1224, -1224, -1224, -1224, -1224, -1224, -1224, -1224, -1224, -1224, -1219, -1224, -1224, -1224, -1224, -1209, -1224, -1224, -1224, -1224, -1224, -1155, -1155, -1155, -1155, -1224, -1224, -1224, -1224, -1224, -1140, -1140, -1224, -1224, -1224, -1214, -1224, -1224, -1224, -1224, -1224, -1224, -1224, -1224, -1224, -1209, -1209, -1209, -1209, -1209, -1209, -1209, -1209, -1194, -1194, -1194, -1070, -1070, -1070, -1149, -1149, -1194, -1194, -1194, -1194, -1194, -1194, -1184, -1194, -1194, -1194, -1194, -1194, -1194, -1194, -1194, -1194, -1194, -1194, -1194, -1194, -1174, -1174, -1174, -1174, -1174, -1174, -1174, -1085, -1085, -1174, -1174, -1174, -1174, -1174, -1174, -1174, -1050, -1174, -1174, -1174, -1174, -1174, -1174, -1174, -1174, -1174, -1174, -1174, -1174, -1164, -1164, -1164, -1164, -1164, -1164, -1164, -1164, -1174, -1174, -1174, -1174, -1174, -1174, -1174, -1174, -1174, -1174, -1174, -1174, -1174, -1174, -1134, -1174, -1174, -1174, -1174, -1174, -1174, -1174, -1174, -1174, -1174, -1174, -1174, -1174, -1174, -1174, -1174, -1174, -1090, -1174, -1174, -1174, -1174, -1174, -1144, -1144, -1174, -1174, -1174, -1174, -1174, -1174, -1174, -1174, -1174, -1174, -1174, -1174, -1174, -1174, -1174, -1174, -1174, -1174, -1174, -1174, -1174, -1174, -1174, -1174, -1174, -1174, -1174, -1174, -1174, -1174, -1174, -1174, -1159, -1144, -1174, -1174, -1174, -1065, -1065, -1065, -1065, -1065, -1065, -1065, -1065, -1065, -1065, -1065, -1065, -1065, -1065, -1065, -1065, -1065, -1065, -1065, -1065, -1065, -1065, -1065, -1065, -1065, -1065, -1065, -1065, -1065, -1065, -1065, -1065, -1065, -1065, -1065, -1065, -1065, -1065, -1065, -1065, -1065, -1065, -1065, -1065, -1065, -1065, -1065, -1065, -1065, -1065, -1065, -1065, -1065, -1065, -1065, -1065, -1065, -1065, -1065, -1065, -1065, -1065, -1065, -1065, -1065, -1065, -1065, -1065, -1065, -1065, -1065, -1065, -1065, -1065, -1065, -1065, -1065, -1065, -1065, -1065, -1065, -1065, -1065, -1065, -1065, -1065, -1065, -1065, -1065, -1065, -1065, -1065, -1065, -1065, -1065, -1065, -1065, -1065, -1065, -1065, -1065, -1065, -1065, -1065, -1065, -1065, -1065, -1065, -1065, -1035, -1065, -1065, -1065, -1065, -1065, -1065, -1065, -1065, -1065, -1065, -1065, -1065, -1065, -1050, -1050, -1050, -1050, -1050, -1050, -1050, -1050, -1050, -1050, -1050, -1050, -1050, -1050, -1050, -1050, -1050, -1050, -1050, -1050, -1050, -1050, -1050, -1050, -1050, -1050, -1050, -1050, -1050, -1050, -1050, -1050, -1050, -1050, -1050, -1050, -1050, -1050, -1050, -1050, -1095, -1263, -1253, -1253, -1100, -1253, -1253, -1134, -1253, -1253, -1382, -1575, -1575, -1575, -1263, -1184, -1184, -1184, -1244, -1080, -1080, -1244, -1244, -1244, -1239, -1179, -1179, -1179, -1179, -1179, -1179, -1159, -1159, -1159, -1159, -1159, -1270, -1270, -1270, -1159, -1270, -1176, -1176, -1176, -1270, -1270, -1161, -1161, -1161, -1245, -1189, -1189, -1159, -1159, -1159, -1189, -1189, -1270, -1270, -1270, -1270, -1270, -1270, -1270, -1270, -1270, -1270, -1270, -1270, -1270, -1270, -1270, -1270, -1270, -1270, -1270, -1270, -1270, -1270, -1228, -1270, -1270, -1199, -1199, -1199, -1199, -1199, -1270, -1270, -1270, -1149, -1149, -1149, -1149, -1149, -1020, -1020, -1020, -1020, -1020, -1020, -1020, -1020, -1020, -1015, -1020, -1020, -1020, -1005, -1020, -1020, -1015, -1020, -1020, -1020, -1020, -1020, -1020, -1020, -1020, -1020, -1020, -1020, -1020, -1020, -1020, -1020, -1020, -1020, -1020, -1020, -1020, -1020, -1020, -1005, -1005, -1020, -1020, -1020, -1020, -1020, -1020, -1005, -1005, -1005, -1005, -1005, -1005, -1005, -1005, -1005, -1005, -1005, -1005, -1005, -1005, -1005, -1005, -1005, -1005, -1005, -1005, -1005, -1005, -1005, -1005, -1005, -1005, -1005, -1005, -1005, -1005, -1005, -1005, -1005, -1005, -1005, -1005, -1005, -1005, -1005, -1005, -1005, -1005, -985, -985, -985, -985, -985, -985, -985, -1005, -1005, -960, -960, -960, -960, -960, -960, -960, -960, -960, -960, -960, -1005, -1005, -1005, -1005, -1005, -1005, -1005, -1005, -1005, -1005, -1005, -1005, -1005, -1005, -1005, -1005, -1005, -1005, -1005, -1005, -1005, -1005, -1005, -1005, -1005, -1005, -1005, -1005, -1005, -1005, -1005, -1005, -1005, -1005, -1005, -1005, -1005, -1005, -1005, -1005, -1005, -1005, -1005, -985, -985, -1005, -1005, -1005, -1005, -1005, -1005, -960, -960, -1005, -1005, -1005, -1005, -1005, -1005, -1005, -1005, -1005, -1005, -1005, -1005, -1005, -1005, -1005, -1005, -1005, -1005, -1005, -1005, -1005, -1005, -1005, -1005, -1005, -1005, -1005, -1005, -1005, -1005, -1005, -1005, -1005, -1005, -1005, -1005, -1005, -1005, -1005, -985, -985, -985, -985, -985, -985, -985, -985, -985, -985, -985, -985, -985, -985, -985, -985, -985, -985, -985, -985, -980, -980, -980, -980, -980, -980, -980, -980, -980, -980, -980, -980, -980, -980, -980, -980, -980, -980, -980, -980, -980, -980, -980, -935, -935, -935, -935, -980, -980, -980, -980, -980, -980, -980, -980, -980, -980, -980, -980, -980, -980, -980, -980, -980, -980, -980, -980, -980, -980, -980, -980, -980, -980, -980, -980, -980, -980, -965, -965, -965, -965, -965, -965, -965, -965, -965, -965, -965, -945, -945, -945, -965, -965, -965, -965, -965, -965, -965, -965, -965, -965, -965, -965, -965, -965, -965, -965, -965, -965, -965, -965, -965, -965, -965, -965, -965, -965, -965, -965, -965, -965, -965, -965, -965, -965, -965, -965, -965, -965, -965, -965, -965, -965, -965, -965, -965, -965, -965, -965, -965, -965, -965, -965, -965, -965, -965, -935, -935, -935, -935, -935, -935, -935, -935, -935, -935, -935, -935, -935, -935, -935, -935, -935, -935, -935, -935, -935, -935, -935, -935, -935, -935, -935, -935, -935, -935, -935, -935, -935, -935, -935, -935, -935, -935, -935, -935, -935, -935, -935, -935, -935, -935, -935, -935, -935, -935, -935, -935, -935, -935, -935, -935, -935, -935, -935, -935, -935, -935, -935, -935, -935, -935, -935, -935, -935, -935, -935, -935, -935, -935, -935, -935, -935, -935, -935, -935, -935, -935, -935, -935, -935, -935, -935, -935, -935, -935, -935, -935, -935, -935, -935, -935, -935, -935, -935, -935, -935, -935, -935, -935, -935, -935, -935, -935, -935, -935, -935, -935, -935, -935, -935, -935, -935, -935, -935, -935, -935, -935, -935, -935, -935, -935, -935, -935, -935, -935, -935, -935, -935, -935, -935, -935, -935, -935, -935, -935, -935, -935, -935, -935, -935, -935, -935, -935, -935, -935, -935, -935, -935, -935, -935, -935, -935, -935, -935, -935, -935, -935, -935, -935, -935, -935, -935, -935, -935, -935, -935, -935, -935, -935, -935, -935, -935, -935, -935, -935, -935, -935, -935, -935, -935, -935, -935, -935, -935, -935, -935, -935, -935, -935, -935, -935, -935, -935, -935, -935, -935, -935, -935, -935, -935, -935, -935, -935, -935, -935, -935, -935, -935, -935, -935, -935, -935, -935, -935, -935, -935, -935, -935, -935, -935, -935, -935, -935, -935, -935, -935, -935, -935, -935, -935, -935, -935, -935, -935, -935, -935, -935, -935, -935, -935, -935, -935, -935, -935, -935, -935, -935, -935, -935, -935, -935, -935, -935, -935, -935, -935, -935, -935, -935, -935, -935, -935, -935, -935, -935, -935, -935, -935, -935, -935, -935, -935, -935, -935, -935, -935, -935, -935, -935, -935, -935, -935, -935, -935, -935, -935, -935, -935, -935, -935, -935, -935, -935, -935, -935, -935, -935, -935, -935, -935, -935, -935, -935, -935, -935, -935, -935, -935, -935, -935, -935, -935, -935, -935, -935, -935, -935, -935, -935, -935, -935, -935, -935, -935, -935, -935, -935, -935, -935, -935, -935, -935, -935, -935, -935, -935, -935, -935, -935, -935, -935, -935, -935, -935, -935, -935, -935, -935, -935, -935, -935, -935, -935, -935, -935, -935, -935, -935, -935, -935, -935, -935, -935, -935, -935, -935, -935, -935, -935, -935, -935, -935, -935, -935, -935, -935, -935, -935, -935, -935, -935, -935, -935, -935, -935, -935, -935, -935, -935, -935, -935, -935, -935, -935, -935, -935, -935, -935, -935, -935, -935, -935, -935, -935, -935, -935, -935, -935, -935, -935, -935, -935, -935, -935, -935, -935, -935, -935, -935, -935, -935, -935, -935, -935, -935, -935, -935, -935, -935, -935, -935, -935, -935, -935, -935, -935, -935, -935, -935, -935, -935, -935, -935, -935, -935, -935, -935, -935, -935, -935, -935, -935, -935, -935, -935, -935, -935, -935, -935, -935, -935, -935, -935, -935, -935, -935, -935, -935, -935, -935, -935, -935, -935, -935, -935, -935, -935, -935, -935, -935, -935, -935, -935, -935, -935, -935, -935, -935, -935, -935, -935, -935, -935, -935, -935, -935, -935, -935, -935, -935, -935, -935, -935, -935, -935, -935, -935, -935, -935, -935, -935, -935, -935, -935, -935, -935, -935, -935, -935, -935, -935, -935, -935, -935, -935, -935, -935, -935, -935, -935, -935, -935, -935, -935, -935, -935, -935, -935, -935, -935, -935, -935, -935, -935, -935, -935, -935, -935, -935, -935, -935, -935, -935, -935, -935, -935, -935, -935, -935, -935, -935, -935, -935, -935, -935, -935, -935, -935, -935, -935, -935, -935, -935, -935, -935, -935, -935, -935, -935, -935, -935, -935, -935, -935, -935, -935, -935, -935, -935, -935, -935, -935, -935, -935, -935, -935, -935, -935, -935, -935, -935, -935, -935, -935, -935, -935, -935, -935, -935, -935, -935, -935, -935, -935, -935, -935, -935, -935, -935, -935, -935, -935, -935, -935, -935, -935, -935, -935, -935, -935, -935, -935, -935, -935, -935, -935, -935, -935, -935, -935, -935, -935, -935, -935, -935, -935, -935, -935, -935, -935, -935, -935, -935, -935, -935, -935, -935, -935, -935, -935, -935, -935, -935, -935, -935, -935, -935, -935, -935, -935, -935, -935, -935, -935, -935, -935, -935, -935, -935, -935, -935, -935, -935, -935, -935, -935, -935, -935, -935, -935, -935, -935, -935, -935, -935, -935, -935, -935, -935, -935, -935, -935, -935, -935, -935, -935, -935, -935, -935, -935, -935, -935, -935, -935, -935, -935, -935, -935, -935, -935, -935, -935, -935, -935, -935, -935, -935, -935, -935, -935, -935, -935, -935, -935, -935, -935, -935, -935, -935, -935, -935, -935, -935, -935, -935, -935, -935, -935, -935, -935, -935, -935, -935, -935, -935, -935, -935, -935, -935, -935, -935, -935, -935, -935, -935, -935, -935, -935, -935, -935, -935, -935, -935, -935, -935, -935, -935, -935, -935, -935, -935, -935, -935, -935, -935, -935, -935, -935, -935, -935, -935, -935, -935, -935, -935, -935, -935, -935, -935, -935, -935, -935, -935, -935, -935, -935, -935, -935, -935, -935, -935, -935, -935, -935, -935, -935, -935, -935, -935, -935, -935, -935, -935, -935, -935, -935, -935, -935, -935, -935, -935, -935, -935, -935, -935, -935, -935, -935, -935, -935, -935, -935, -935, -935, -935, -935, -935, -935, -935, -935, -935, -935, -935, -935, -935, -960, -960, -960, -960, -960, -960, -960, -960, -960, -935, -960, -960, -955, -960, -935, -935, -935, -960, -960, -960, -960, -960, -960, -960, -960, -960, -960, -960, -960, -960, -960, -960, -960, -960, -960, -960, -960, -960, -960, -960, -960, -960, -960, -960, -960, -960, -960, -960, -960, -960, -960, -960, -960, -960, -960, -960, -960, -960, -960, -960, -960, -960, -960, -960, -960, -960, -960, -960, -960, -960, -960, -960, -955, -955, -955, -955, -955, -960, -955, -955, -960, -955, -935, -935, -935, -935, -935, -935, -935, -935, -955, -955, -960, -960, -960, -960, -960, -960, -940, -940, -940, -940, -960, -960, -960, -960, -940, -960, -960, -955, -955, -955, -955, -955, -955, -955, -955, -955, -955, -955, -955, -955, -955, -955, -955, -955, -955, -955, -955, -955, -955, -955, -955, -955, -955, -955, -955, -955, -955, -955, -955, -955, -955, -955, -955, -955, -955, -955, -955, -955, -955, -955, -955, -955, -955, -955, -955, -955, -955, -955, -955, -955, -955, -955, -955, -955, -955, -955, -955, -955, -955, -955, -955, -955, -955, -945, -945, -945, -945, -955, -955, -955, -955, -955, -955, -955, -955, -955, -955, -955, -955, -955, -955, -955, -955, -955, -955, -955, -955, -955, -955, -955, -955, -955, -955, -955, -955, -955, -955, -955, -955, -955, -955, -955, -955, -955, -955, -955, -955, -955, -955, -955, -955, -955, -955, -1049, -1049, -1049, -1049, -1049, -1049, -1049, -1049, -1049, -1049, -1049, -935, -935, -940, -940, -940, -940, -940, -940, -965, -965, -965, -1049, -1049, -1049, -940, -940, -945, -1049, -1049, -1049, -1049, -1049, -1049, -1049, -955, -955, -955, -955, -955, -955, -955, -955, -955, -955, -955, -955, -955, -955, -955, -955, -955, -955, -955, -955, -955, -955, -955, -955, -955, -955, -955, -955, -955, -955, -955, -955, -955, -1074, -1074, -1074, -1074, -1074, -1074, -1074, -1074, -1074, -1074, -955, -955, -1074, -1074, -1074, -1074, -1074, -1074, -1074, -1074, -1074, -1074, -1074, -1074, -1074, -950, -950, -950, -950, -950, -950, -950, -950, -950, -950, -950, -950, -950, -950, -950, -950, -950, -950, -950, -950, -950, -950, -950, -950, -950, -950, -950, -950, -950, -950, -950, -950, -950, -950, -950, -950, -950, -950, -950, -950, -950, -950, -950, -950, -950, -950, -950, -950, -950, -950, -950, -950, -950, -950, -935, -935, -935, -940, -950, -950, -950, -950, -950, -950, -950, -950, -950, -950, -950, -950, -950, -950, -950, -950, -950, -950, -950, -950, -950, -950, -950, -950, -950, -950, -950, -950, -950, -950, -950, -950, -950, -950, -950, -950, -950, -950, -950, -950, -950, -950, -950, -950, -950, -950, -950, -950, -950, -950, -950, -950, -950, -950, -950, -950, -950, -950, -950, -950, -950, -950, -950, -950, -950, -950, -950, -950, -950, -950, -950, -950, -950, -950, -950, -950, -950, -950, -950, -950, -950, -950, -950, -950, -950, -950, -950, -950, -950, -950, -1064, -1064, -1064, -970, -970, -950, -950, -950, -970, -970, -970, -970, -970, -970, -970, -970, -970, -965, -965, -965, -965, -970, -970, -970, -970, -970, -970, -970, -970, -970, -970, -970, -970, -970, -970, -970, -970, -970, -970, -970, -970, -970, -970, -970, -970, -970, -970, -970, -970, -970, -970, -970, -970, -970, -970, -970, -970, -970, -955, -955, -955, -970, -970, -970, -970, -970, -970, -970, -970, -970, -970, -970, -965, -965, -965, -965, -965, -965, -965, -965, -965, -955, -955, -970, -970, -970, -970, -970, -970, -970, -970, -970, -970, -970, -970, -970, -970, -970, -970, -970, -970, -970, -970, -970, -970, -970, -970, -970, -970, -970, -970, -970, -970, -970, -955, -955, -955, -955, -955, -955, -955, -955, -955, -955, -955, -955, -955, -955, -955, -955, -955, -955, -955, -955, -955, -955, -955, -955, -955, -955, -955, -955, -955, -955, -955, -955, -955, -955, -955, -955, -955, -955, -955, -955, -955, -955, -955, -955, -955, -955, -955, -955, -955, -955, -955, -955, -955, -955, -955, -955, -955, -955, -955, -955, -955, -955, -955, -955, -955, -955, -955, -955, -955, -955, -955, -955, -955, -940, -940, -940, -955, -955, -955, -955, -955, -955, -955, -955, -955, -955, -955, -955, -955, -955, -955, -955, -955, -955, -955, -955, -955, -955, -955, -955, -955, -955, -955, -955, -945, -955, -955, -955, -955, -955, -955, -955, -955, -955, -955, -955, -955, -955, -955, -955, -955, -955, -955, -955, -955, -955, -955, -955, -955, -955, -955, -955, -955, -955, -955, -955, -955, -955, -955, -955, -955, -955, -955, -955, -955, -955, -955, -955, -955, -955, -955, -955, -955, -955, -955, -935, -935, -935, -935, -935, -935, -935, -935, -935, -935, -935, -935, -935, -935, -935, -935, -935, -935, -935, -935, -935, -935, -935, -935, -935, -935, -935, -935, -935, -935, -935, -935, -935, -935, -935, -935, -935, -935, -935, -935, -935, -935, -935, -935, -935, -935, -935, -935, -935, -935, -935, -935, -935, -935, -935, -935, -935, -935, -935, -935, -935, -935, -935, -935, -935, -935, -935, -935, -935, -935, -935, -935, -935, -935, -935, -935, -935, -935, -935, -935, -935, -935, -935, -935, -935, -935, -935, -935, -935, -935, -935, -935, -935, -935, -935, -935, -935, -935, -935, -935, -935, -935, -935, -935, -935, -935, -935, -935, -935, -935, -935, -935, -935, -935, -935, -935, -935, -935, -935, -935, -935, -935, -935, -935, -935, -935, -935, -935, -935, -935, -935, -935, -935, -935, -935, -935, -935, -935, -935, -935, -935, -935, -935, -935, -935, -935, -935, -935, -935, -935, -935, -935, -935, -935, -935, -935, -935, -935, -935, -935, -935, -935, -935, -935, -935, -935, -935, -935, -935, -935, -935, -935, -935, -935, -935, -935, -935, -935, -935, -935, -935, -935, -935, -935, -935, -935, -935, -935, -935, -935, -935, -935, -935, -935, -935, -935, -935, -935, -935, -935, -935, -935, -935, -935, -935, -935, -935, -935, -935, -935, -935, -935, -935, -935, -935, -935, -935, -935, -935, -935, -935, -935, -935, -935, -935, -935, -935, -935, -935, -935, -935, -935, -935, -935, -935, -935, -935, -935, -935, -935, -935, -935, -935, -935, -935, -935, -935, -935, -935, -935, -935, -935, -935, -935, -935, -935, -935, -935, -935, -935, -935, -935, -935, -935, -935, -935, -935, -935, -935, -935, -935, -935, -935, -935, -935, -935, -935, -935, -935, -935, -935, -935, -935, -935, -935, -935, -935, -935, -935, -935, -935, -935, -935, -935, -935, -935, -935, -935, -935, -935, -935, -935, -935, -935, -935, -935, -935, -935, -935, -935, -935, -935, -935, -935, -935, -935, -935, -935, -935, -935, -935, -935, -935, -935, -935, -935, -935, -935, -935, -935, -935, -935, -935, -935, -935, -935, -935, -935, -935, -935, -935, -935, -935, -935, -935, -935, -935, -935, -935, -935, -935, -935, -935, -935, -935, -935, -935, -935, -935, -935, -935, -935, -935, -935, -935, -935, -935, -935, -935, -935, -935, -935, -935, -935, -935, -935, -935, -935, -935, -935, -935, -935, -935, -935, -935, -935, -935, -935, -935, -935, -935, -935, -935, -935, -935, -935, -935, -935, -935, -935, -935, -935, -935, -935, -935, -935, -935, -935, -935, -935, -935, -935, -935, -935, -935, -935, -935, -935, -935, -935, -935, -935, -935, -935, -935, -935, -935, -935, -935, -935, -935, -935, -935, -935, -935, -935, -935, -935, -935, -950, -950, -950, -950, -950, -950, -950, -950, -950, -950, -950, -950, -950, -950, -950, -950, -950, -950, -950, -950, -950, -950, -950, -950, -950, -950, -950, -950, -950, -950, -950, -950, -950, -950, -950, -950, -950, -950, -950, -950, -950, -950, -950, -950, -950, -950, -950, -950, -950, -950, -950, -950, -950, -950, -950, -950, -950, -950, -950, -950, -950, -950, -950, -950, -950, -950, -950, -950, -950, -950, -950, -950, -950, -950, -950, -950, -950, -950, -950, -950, -950, -950, -950, -950, -950, -950, -950, -950, -950, -950, -950, -950, -950, -950, -950, -950, -950, -950, -950, -950, -950, -950, -950, -950, -950, -950, -950, -950, -950, -950, -950, -950, -950, -950, -950, -950, -950, -950, -950, -950, -950, -950, -950, -950, -950, -950, -950, -950, -950, -950, -950, -950, -950, -950, -950, -950, -950, -950, -950, -950, -950, -950, -950, -950, -950, -950, -950, -950, -950, -950, -950, -950, -950, -950, -950, -950, -950, -950, -950, -950, -950, -950, -950, -950, -950, -950, -950, -950, -950, -950, -950, -950, -950, -950, -950, -950, -950, -950, -950, -950, -950, -950, -950, -950, -950, -950, -950, -950, -950, -950, -950, -950, -950, -950, -950, -950, -950, -950, -950, -950, -950, -950, -950, -950, -950, -950, -950, -950, -950, -950, -950, -950, -950, -950, -950, -950, -950, -950, -950, -950, -950, -950, -950, -950, -950, -950, -950, -950, -950, -950, -935, -935, -935, -935, -935, -935, -935, -935, -935, -935, -935, -935, -935, -935, -935, -935, -935, -935, -935, -935, -935, -935, -935, -935, -935, -935, -935, -935, -935, -935, -935, -935, -935, -935, -935, -935, -935, -935, -935, -935, -935, -935, -935, -935, -935, -935, -935, -935, -935, -935, -935, -935, -935, -935, -935, -935, -935, -935, -935, -935, -935, -935, -935, -935, -935, -935, -935, -935, -935, -935, -935, -935, -935, -935, -935, -935, -935, -935, -935, -935, -935, -935, -935, -935, -935, -935, -935, -935, -935, -935, -935, -935, -935, -935, -935, -935, -935, -935, -935, -935, -935, -935, -935, -935, -935, -935, -935, -935, -935, -935, -935, -935, -935, -935, -935, -935, -935, -935, -935, -935, -935, -935, -935, -935, -935, -935, -935, -935, -935, -935, -935, -935, -935, -935, -935, -935, -935, -935, -935, -935, -935, -935, -935, -935, -935, -935, -935, -935, -935, -935, -935, -935, -935, -935, -935, -935, -935, -935, -935, -935, -935, -935, -935, -935, -935, -935, -935, -935, -935, -935, -935, -935, -935, -935, -935, -935, -935, -935, -935, -935, -935, -935, -935, -935, -935, -935, -935, -935, -935, -935, -935, -935, -935, -935, -935, -935, -935, -935, -935, -935, -935, -935, -935, -935, -935, -935, -935, -935, -935, -935, -935, -935, -935, -935, -935, -935, -935, -935, -935, -935, -935, -935, -935, -935, -935, -935, -935, -935, -935, -935, -935, -935, -935, -935, -935, -935, -935, -935, -935, -935, -935, -935, -935, -935, -935, -935, -935, -935, -935, -935, -935, -935, -935, -935, -935, -935, -935, -935, -935, -935, -935, -935, -935, -935, -935, -935, -935, -935, -935, -935, -935, -935, -935, -935, -935, -935, -935, -935, -935, -935, -935, -935, -935, -935, -935, -935, -935, -935, -935, -935, -935, -935, -935, -935, -935, -935, -935, -935, -935, -935, -935, -935, -935, -935, -935, -935, -935, -935, -935, -935, -935, -935, -935, -935, -935, -935, -935, -935, -935, -935, -935, -935, -935, -935, -935, -935, -935, -935, -935, -935, -935, -935, -935, -935, -935, -935, -935, -935, -935, -935, -935, -935, -935, -935, -935, -935, -935, -935, -935, -935, -935, -935, -935, -935, -935, -935, -935, -935, -935, -935, -935, -935, -935, -935, -935, -935, -935, -935, -935, -935, -935, -935, -935, -935, -935, -935, -935, -935, -935, -935, -935, -935, -935, -935, -935, -935, -935, -935, -935, -935, -935, -935, -935, -935, -935, -935, -935, -935, -935, -935, -935, -935, -935, -935, -935, -935, -935, -935, -935, -935, -935, -935, -935, -935, -935, -935, -935, -935, -935, -935, -935, -935, -935, -935, -935, -935, -935, -935, -935, -935, -935, -935, -935, -935, -935, -935, -935, -935, -935, -935, -935, -935, -935, -935, -935, -935, -935, -935, -935, -935, -935, -935, -935, -935, -935, -935, -935, -935, -935, -935, -935, -935, -935, -935, -935, -935, -935, -935, -935, -935, -935, -935, -935, -935, -935, -935, -935, -935, -935, -935, -935, -935, -935, -935, -935, -935, -935, -935, -935, -935, -935, -935, -935, -935, -935, -935, -935, -935, -935, -935, -935, -935, -935, -935, -935, -935, -935, -935, -935, -935, -935, -935, -935, -935, -935, -935, -935, -935, -935, -935, -935, -935, -935, -935, -935, -935, -935, -935, -935, -935, -935, -935, -935, -935, -935, -935, -935, -935, -935, -935, -935, -935, -935, -935, -935, -935, -935, -935, -935, -935, -935, -935, -935, -935, -935, -935, -935, -935, -935, -935, -935, -935, -935, -935, -935, -935, -935, -935, -935, -935, -935, -935, -935, -935, -935, -935, -935, -935, -935, -935, -935, -935, -935, -935, -935, -935, -935, -935, -935, -935, -935, -935, -935, -935, -935, -935, -935, -935, -935, -935, -935, -935, -935, -935, -935, -935, -935, -935, -935, -935, -935, -935, -935, -935, -935, -935, -935, -935, -935, -935, -935, -935, -935, -935, -935, -935, -935, -935, -935, -935, -935, -935, -935, -935, -935, -935, -935, -935, -935, -935, -935, -935, -935, -935, -935, -935, -935, -935, -935, -935, -935, -935, -935, -935, -935, -935, -935, -935, -935, -935, -935, -935, -935, -935, -935, -935, -935, -935, -935, -935, -935, -935, -935, -935, -935, -935, -935, -935, -935, -935, -935, -935, -935, -935, -935, -935, -935, -935, -935, -935, -935, -935, -935, -935, -935, -935, -935, -935, -935, -935, -935, -935, -935, -935, -935, -935, -935, -935, -935, -935, -935, -935, -935, -935, -935, -935, -935, -935, -935, -935, -935, -935, -935, -935, -935, -935, -935, -935, -935, -935, -935, -935, -935, -935, -935, -935, -935, -935, -935, -935, -935, -935, -935, -935, -935, -935, -935, -935, -935, -935, -935, -935, -935, -935, -935, -935, -935, -935, -935, -935, -935, -935, -935, -935, -935, -935, -935, -935, -935, -935, -935, -935, -935, -935, -935, -935, -935, -935, -935, -935, -935, -935, -935, -935, -935, -935, -935, -935, -935, -935, -935, -935, -935, -935, -935, -935, -935, -935, -935, -935, -935, -935, -935, -935, -935, -935, -935, -935, -935, -935, -935, -935, -935, -935, -935, -935, -935, -935, -935, -935, -935, -935, -935, -935, -935, -935, -935, -935, -935, -935, -935, -935, -935, -935, -935, -935, -935, -935, -935, -935, -935, -935, -935, -935, -935, -935, -935, -935, -935, -935, -935, -935, -935, -935, -935, -935, -935, -935, -935, -935, -935, -935, -935, -935, -935, -935, -935, -935, -935, -935, -935, -935, -935, -935, -935, -935, -935, -935, -935, -935, -935, -935, -935, -935, -935, -935, -935, -935, -935, -935, -935, -935, -935, -935, -935, -935, -935, -935, -935, -935, -935, -935, -935, -935, -935, -935, -935, -935, -935, -935, -935, -935, -935, -935, -935, -935, -935, -935, -935, -935, -935, -935, -935, -935, -935, -935, -935, -935, -935, -935, -935, -935, -935, -935, -935, -935, -935, -935, -935, -935, -935, -935, -935, -935, -935, -935, -935, -935, -935, -935, -935, -935, -935, -935, -935, -935, -935, -935, -935, -935, -935, -935, -935, -935, -935, -935, -935, -935, -935, -935, -935, -935, -935, -935, -935, -935, -935, -935, -935, -935, -935, -935, -935, -935, -935, -935, -935, -935, -935, -935, -935, -935, -935, -935, -935, -935, -935, -935, -935, -935, -935, -935, -935, -935, -935, -935, -935, -935, -935, -935, -935, -935, -935, -935, -935, -935, -935, -935, -935, -935, -935, -935, -935, -935, -935, -935, -935, -935, -935, -935, -935, -935, -935, -935, -935, -935, -935, -935, -935, -935, -935, -935, -935, -935, -935, -935, -935, -935, -935, -935, -935, -935, -935, -935, -935, -935, -935, -935, -935, -935, -935, -935, -935, -935, -935, -935, -935, -935, -935, -935, -935, -935, -935, -935, -935, -935, -935, -935, -935, -935, -935, -935, -935, -935, -935, -935, -935, -935, -935, -935, -935, -935, -935, -935, -935, -935, -935, -935, -935, -935, -935, -935, -935, -935, -935, -935, -935, -935, -935, -935, -935, -935, -935, -935, -935, -935, -935, -935, -935, -935, -935, -935, -935, -935, -935, -935, -935, -935, -935, -935, -935, -935, -935, -935, -935, -935, -935, -935, -935, -935, -935, -935, -935, -935, -935, -935, -935, -935, -935, -935, -935, -935, -935, -935, -935, -935, -935, -935, -935, -935, -935, -935, -935, -935, -935, -935, -935, -935, -935, -935, -935, -935, -935, -935, -935, -935, -935, -935, -935, -935, -935, -935, -935, -935, -935, -935, -935, -935, -935, -935, -935, -935, -935, -935, -935, -935, -935, -935, -935, -935, -935, -935, -935, -935, -935, -935, -935, -935, -935, -935, -935, -935, -935, -935, -935, -935, -935, -935, -935, -935, -935, -935, -935, -935, -935, -935, -935, -935, -935, -935, -935, -935, -935, -935, -935, -935, -935, -935, -935, -935, -935, -935, -935, -935, -935, -935, -935, -935, -935, -935, -935, -935, -935, -935, -935, -935, -935, -935, -935, -935, -935, -935, -935, -935, -935, -935, -935, -935, -935, -935, -935, -935, -935, -935, -935, -935, -935, -935, -935, -935, -935, -935, -935, -935, -935, -935, -935, -935, -935, -935, -935, -935, -935, -935, -935, -935, -935, -935, -935, -935, -935, -935, -935, -935, -935, -935, -935, -935, -935, -935, -935, -935, -935, -935, -935, -935, -935, -935, -935, -935, -935, -935, -935, -935, -935, -935, -935, -935, -935, -935, -935, -935, -935, -935, -935, -935, -935, -935, -935, -935, -935, -935, -935, -935, -935, -935, -935, -935, -935, -935, -935, -935, -935, -935, -935, -935, -935, -935, -935, -935, -935, -935, -935, -935, -935, -935, -935, -935, -935, -935, -935, -935, -935, -935, -935, -935, -935, -935, -935, -935, -935, -935, -935, -935, -935, -935, -935, -935, -935, -935, -935, -935, -935, -935, -935, -935, -935, -935, -935, -935, -935, -935, -935, -935, -935, -935, -935, -935, -935, -935, -935, -935, -935, -935, -935, -935, -935, -935, -935, -935, -935, -935, -935, -935, -935, -935, -935, -935, -935, -935, -935, -935, -935, -935, -935, -935, -935, -935, -935, -935, -935, -935, -935, -935, -935, -935, -935, -935, -935, -935, -935, -935, -935, -935, -935, -935, -935, -935, -935, -935, -935, -935, -935, -935, -935, -935, -935, -935, -935, -935, -935, -935, -935, -935, -935, -935, -935, -935, -935, -935, -935, -935, -935, -935, -935, -935, -935, -935, -935, -935, -935, -935, -935, -935, -935, -935, -935, -935, -935, -945, -945, -935, -945, -945, -945, -945, -945, -945, -945, -945, -945, -945, -945, -945, -945, -945, -945, -945, -945, -945, -945, -945, -945, -945, -945, -945, -945, -945, -940, -940, -940, -940, -940, -940, -940, -945, -945, -945, -945, -945, -945, -945, -945, -945, -945, -945, -945, -945, -945, -945, -945, -945, -945, -945, -945, -945, -945, -945, -945, -945, -945, -945, -945, -935, -945, -945, -935, -935, -935, -935, -935, -935, -945, -945, -945, -945, -945, -945, -945, -945, -945, -945, -945, -945, -945, -945, -945, -945, -945, -945, -945, -945, -945, -945, -945, -945, -945, -945, -945, -945, -945, -945, -945, -945, -945, -945, -945, -945, -945, -945, -945, -945, -945, -945, -945, -945, -945, -945, -945, -945, -945, -945, -945, -945, -945, -945, -945, -945, -945, -935, -935, -935, -935, -935, -935, -935, -935, -935, -935, -935, -935, -935, -935, -935, -940, -940, -940, -940, -940, -940, -940, -940, -940, -940, -940, -940, -940, -940, -940, -940, -940, -940, -940, -940, -940, -940, -940, -940, -940, -940, -940, -935, -935, -940, -940, -940, -940, -940, -940, -940, -940, -940, -940, -940, -940, -940, -940, -940, -940, -940, -935, -935, -940, -940, -940, -940, -940, -940, -940, -940, -940, -940, -940, -940, -940, -940, -940, -940, -940, -940, -940, -940, -940, -940, -940, -935, -940, -940, -940, -940, -940, -940, -940, -940, -940, -940, -940, -940, -940, -940, -940, -940, -940, -940, -940, -940, -940, -940, -940, -940, -940, -940, -940, -940, -940, -940, -940, -940, -940, -940, -940, -940, -940, -940, -940, -940, -940, -940, -940, -940, -940, -940, -940, -940, -940, -940, -940, -940, -940, -940, -940, -940, -940, -940, -940, -940, -940, -940, -940, -940, -940, -940, -940, -940, -940, -940, -940, -940, -940, -940, -940, -940, -940, -940, -940, -940, -940, -940, -940, -940, -940, -940, -940, -940, -940, -940, -940, -940, -940, -940, -940, -940, -940, -940, -940, -940, -940, -940, -940, -940, -940, -940, -940, -940, -940, -940, -940, -940, -940, -940, -940, -940, -940, -940, -940, -940, -940, -940, -940, -940, -940, -940, -940, -940, -940, -940, -940, -940, -940, -940, -940, -940, -940, -940, -940, -940, -940, -940, -940, -940, -940, -940, -940, -940, -940, -940, -940, -940, -940, -940, -940, -940, -940, -940, -940, -940, -940, -940, -940, -940, -940, -935, -940, -940, -940, -940, -940, -940, -940, -940, -940, -940, -940, -940, -940, -940, -940, -940, -940, -940, -935, -935, -935, -935, -940, -940, -940, -940, -940, -940, -940, -940, -940, -940, -940, -940, -940, -940, -940, -940, -940, -940, -940, -940, -940, -940, -940, -940, -940, -940, -940, -940, -940, -940, -940, -940, -940, -935, -940, -940, -940, -940, -940, -940, -940, -940, -940, -940, -940, -940, -940, -940, -940, -940, -940, -940, -940, -940, -940, -940, -940, -940, -940, -940, -940, -940, -940, -940, -940, -940, -940, -940, -940, -940, -940, -940, -940, -940, -940, -940, -940, -940, -940, -940, -940, -940, -940, -940, -940, -940, -940, -940, -940, -940, -940, -940, -940, -940, -940, -940, -940, -940, -940, -940, -940, -940, -940, -940, -940, -940, -940, -940, -940, -940, -940, -940, -940, -940, -940, -940, -940, -940, -940, -940, -940, -940, -940, -940, -940, -940, -940, -940, -940, -940, -940, -940, -940, -940, -940, -940, -940, -940, -940, -940, -940, -940, -940, -940, -940, -940, -935, -935, -935, -935, -935, -935, -935, -935, -935, -935, -935, -935, -935, -935, -935, -935, -935, -935, -935, -935, -935, -935, -935, -935, -935, -935, -935, -935, -935, -935, -935, -935, -935, -935, -935, -935, -935, -935, -935, -935, -935, -935, -935, -935, -935, -935, -935, -935, -935, -935, -935, -935, -935, -935, -935, -935, -935, -935, -935, -935, -935, -935, -935, -935, -935, -935, -935, -935, -935, -935, -935, -935, -935, -935, -935, -935, -935, -935, -935, -935, -935, -935, -935, -935, -935, -935, -935, -935, -935, -935, -935, -935, -935, -935, -935, -935, -935, -935, -935, -935, -935, -935, -935, -935, -935, -935, -935, -935, -935, -935, -935, -935, -935, -935, -935, -935, -935, -935, -935, -935, -935, -935, -935, -935, -935, -935, -935, -935, -935, -935, -935, -935, -935, -935, -935, -935, -935, -935, -935, -935, -935, -935, -935, -935, -935, -935, -935, -935, -935, -935, -935, -935, -935, -935, -935, -935, -935, -935, -935, -935, -935, -935, -935, -935, -935, -935, -935, -935, -935, -935, -935, -935, -935, -935, -935, -935, -935, -935, -935, -935, -935, -935, -935, -935, -935, -935, -935, -935, -935, -935, -935, -935, -935, -935, -935, -935, -935, -935, -935, -935, -935, -935, -935, -935, -935, -935, -935, -935, -935, -935, -935, -935, -935, -935, -935, -935, -935, -935, -935, -935, -935, -935, -935, -935, -935, -935, -935, -935, -935, -935, -935, -935, -935, -935, -935, -935, -935, -935, -935, -935, -935, -935, -935, -935, -935, -935, -935, -935, -935, -935, -935, -935, -935, -935, -935, -935, -935, -935, -935, -935, -935, -935, -935, -935, -935, -935, -935, -935, -935, -935, -935, -935, -935, -935, -935, -935, -935, -935, -935, -935, -935, -935, -935, -935, -935, -935, -935, -935, -935, -935, -935, -935, -935, -935, -935, -935, -935, -935, -935, -935, -935, -935, -935, -935, -935, -935, -935, -935, -935, -935, -935, -935, -935, -935, -935, -935, -935, -935, -935, -935, -935, -935, -935, -935, -935, -935, -935, -935, -935, -935, -935, -935, -935, -935, -935, -935, -935, -935, -935, -935, -935, -935, -935, -935, -935, -935, -935, -935, -935, -935, -935, -935, -935, -935, -935, -935, -935, -935, -935, -935, -935, -935, -935, -935, -935, -935, -935, -935, -935, -935, -935, -935, -935, -935, -935, -935, -935, -935, -935, -935, -935, -935, -935, -935, -935, -935, -935, -935, -935, -935, -935, -935, -935, -935, -935, -935, -935, -935, -935, -935, -935, -935, -935, -935, -935, -935, -935, -935, -935, -935, -935, -935, -935, -935, -935, -935, -935, -935, -935, -935, -935, -935, -935, -935, -935, -935, -935, -935, -935, -935, -935, -935, -935, -935, -935, -935, -935, -935, -935, -935, -935, -935, -935, -935, -935, -935, -935, -935, -935, -935, -935, -935, -935, -935, -935, -935, -935, -935, -935, -935, -935, -935, -935, -935, -935, -935, -935, -935, -935, -935, -935, -935, -935, -935, -935, -935, -935, -935, -935, -935, -935, -935, -935, -935, -935, -935, -935, -935, -935, -935, -935, -935, -935, -935, -935, -935, -935, -935, -935, -935, -935, -935, -935, -935, -935, -935, -935, -935, -935, -935, -935, -935, -935, -935, -935, -935, -935, -935, -935, -935, -935, -935, -935, -935, -935, -935, -935, -935, -935, -935, -935, -935, -935, -935, -935, -935, -935, -935, -935, -935, -935, -935, -935, -935, -935, -935, -935, -935, -935, -935, -935, -935, -935, -935, -935, -935, -935, -935, -935, -935, -935, -935, -935, -935, -935, -935, -935, -935, -935, -935, -935, -935, -935, -935, -935, -935, -935, -935, -935, -935, -935, -935, -935, -935, -935, -935, -935, -935, -935, -935, -935, -935, -935, -935, -935, -935, -935, -935, -935, -935, -935, -935, -935, -935, -935, -935, -935, -935, -935, -935, -935, -935, -935, -935, -935, -935, -950, -950, -950, -950, -950, -950, -935, -935, -950, -950, -935, -935, -950, -950, -950, -950, -950, -950, -950, -950, -950, -935, -950, -950, -950, -950, -950, -950, -950, -950, -950, -950, -950, -950, -950, -950, -950, -950, -950, -950, -950, -935, -950, -950, -950, -950, -950, -950, -950, -950, -950, -950, -950, -950, -950, -950, -950, -950, -935, -935, -935, -935, -935, -935, -935, -935, -935, -935, -935, -935, -935, -935, -935, -935, -935, -935, -935, -935, -935, -935, -935, -935, -935, -935, -935, -935, -935, -935, -935, -935, -935, -935, -935, -935, -935, -935, -935, -935, -935, -935, -935, -935, -935, -935, -935, -935, -935, -935, -935, -935, -935, -935, -935, -935, -935, -935, -935, -935, -935, -935, -935, -935, -935, -935, -935, -935, -935, -935, -935, -935, -935, -935, -935, -935, -935, -935, -935, -935, -935, -935, -935, -935, -935, -935, -935, -935, -935, -935, -935, -935, -935, -935, -935, -935, -935, -935, -935, -935, -935, -935, -935, -935, -935, -935, -935, -935, -935, -935, -935, -935, -935, -935, -935, -935, -935, -935, -935, -935, -935, -935, -935, -935, -935, -935, -935, -935, -935, -935, -935, -935, -935, -935, -935, -935, -935, -935, -935, -935, -935, -935, -935, -1183, -1183, -1183, -1183, -1183, -1183, -1183, -1030, -1183, -1183, -1272, -1272, -1323, -1213, -1213, -1302, -1302, -1302, -1302, -990, -990, -990, -1153, -1044, -1153, -1153, -1044, -1044, -1044, -1044, -1153, -1153, -1153, -1153, -1153, -1153, -1153, -1153, -1153, -1153, -1153, -1153, -1153, -1153, -1153, -1153, -1153, -1153, -1153, -1153, -950, -950, -950, -950, -940, -940, -940, -940, -940, -940, -940, -940, -940, -940, -940, -940, -950, -950, -950, -950, -950, -950, -950, -950, -950, -950, -950, -950, -950, -950, -950, -950, -950, -950, -950, -950, -950, -950, -950, -945, -945, -945, -945, -950, -950, -950, -950, -950, -950, -950, -950, -950, -945, -945, -945, -945, -945, -950, -950, -950, -950, -950, -950, -950, -950, -950, -950, -950, -945, -945, -945, -945, -945, -945, -945, -945, -945, -945, -945, -945, -945, -945, -945, -945, -945, -945, -940, -940, -940, -940, -940, -945, -945, -945, -945, -945, -945, -945, -945, -945, -945, -945, -945, -945, -945, -945, -945, -945, -945, -945, -945, -945, -945, -945, -945, -945, -945, -945, -945, -945, -945, -935, -935, -935, -945, -945, -945, -945, -935, -935, -945, -945, -945, -945, -945, -945, -945, -945, -945, -945, -945, -945, -945, -945, -945, -945, -945, -945, -945, -945, -945, -945, -945, -945, -945, -945, -945, -945, -945, -945, -945, -945, -945, -945, -945, -945, -945, -945, -945, -945, -945, -945, -945, -945, -945, -945, -945, -945, -945, -945, -945, -945, -945, -945, -945, -945, -945, -945, -945, -945, -945, -945, -945, -945, -945, -945, -945, -945, -945, -945, -945, -945, -945, -945, -945, -945, -945, -945, -945, -945, -945, -945, -945, -945, -945, -945, -945, -945, -945, -945, -945, -945, -945, -945, -945, -945, -945, -945, -945, -945, -945, -945, -945, -945, -945, -945, -945, -945, -945, -945, -945, -945, -945, -945, -945, -940, -940, -940, -940, -940, -940, -940, -940, -940, -935, -940, -940, -940, -935, -940, -940, -940, -940, -940, -940, -940, -940, -940, -940, -940, -940, -940, -940, -940, -940, -940, -940, -940, -940, -940, -940, -940, -940, -940, -940, -940, -940, -940, -935, -935, -935, -940, -940, -940, -935, -935, -935, -935, -935, -935, -940, -940, -940, -940, -940, -940, -935, -935, -935, -935, -935, -935, -935, -935, -935, -935, -935, -935, -935, -935, -935, -935, -935, -935, -935, -935, -935, -935, -935, -935, -935, -935, -935, -935, -935, -935, -935, -935, -935, -935, -935, -935, -935, -935, -935, -935, -935, -935, -935, -935, -935, -935, -935, -935, -935, -935, -935, -935, -935, -935, -935, -935, -935, -935, -935, -935, -935, -935, -935, -935, -935, -935, -935, -935, -935, -935, -935, -935, -935, -935, -935, -935, -935, -935, -935, -935, -935, -935, -935, -935, -935, -935, -935, -935, -935, -935, -935, -935, -935, -935, -935, -935, -935, -935, -935, -935, -935, -935, -935, -935, -935, -935, -935, -935, -935, -935, -935, -935, -935, -935, -935, -935, -935, -935, -935, -935, -935, -935, -935, -935, -935, -935, -935, -935, -935, -935, -935, -935, -935, -935, -935, -935, -935, -935, -935, -935, -935, -935, -935, -935, -935, -935, -935, -935, -935, -935, -935, -935, -935, -935, -935, -935, -935, -935, -935, -935, -935, -935, -935, -935, -935, -935, -935, -935, -935, -935, -935, -935, -935, -935, -935, -935, -935, -935, -935, -935, -935, -935, -935, -935, -935, -935, -935, -935, -935, -935, -935, -935, -935, -935, -935, -935, -935, -935, -935, -935, -935, -935, -935, -935, -935, -935, -935, -935, -935, -935, -935, -935, -935, -935, -935, -935, -935, -935, -935, -935, -935, -935, -935, -935, -935, -935, -935, -935, -935, -935, -935, -935, -935, -935, -935, -935, -935, -935, -935, -935, -935, -935, -935, -935, -935, -935, -935, -935, -935, -935, -935, -935, -935, -935, -935, -935, -935, -935, -935, -935, -935, -935, -935, -935, -935, -935, -935, -935, -935, -935, -935, -935, -935, -935, -935, -935, -935, -935, -935, -935, -935, -935, -935, -935, -935, -935, -935, -935, -935, -935, -935, -935, -935, -935, -935, -935, -935, -935, -935, -935, -935, -935, -935, -935, -935, -935, -935, -935, -935, -935, -935, -935, -935, -935, -935, -935, -935, -935, -935, -935, -935, -935, -935, -935, -935, -935, -935, -935, -935, -935, -935, -935, -935, -935, -935, -935, -935, -935, -935, -935, -935, -935, -935, -935, -935, -935, -935, -935, -935, -935, -935, -935, -935, -935, -935, -935, -935, -935, -935, -935, -935, -935, -935, -935, -935, -935, -935, -935, -935, -935, -935, -935, -935, -935, -935, -935, -935, -935, -935, -935, -935, -935, -935, -935, -935, -935, -935, -935, -935, -935, -935, -935, -935, -935, -935, -935, -935, -935, -935, -935, -935, -935, -935, -935, -935, -935, -935, -935, -935, -935, -935, -935, -935, -935, -935, -935, -935, -935, -935, -935, -935, -935, -935, -935, -935, -935, -935, -935, -935, -935, -935, -935, -935, -935, -935, -935, -935, -935, -935, -935, -935, -935, -935, -935, -935, -935, -935, -935, -935, -935, -935, -935, -935, -935, -935, -935, -935, -935, -935, -935, -935, -935, -935, -935, -935, -935, -935, -935, -935, -935, -935, -935, -935, -935, -935, -935, -935, -935, -935, -935, -935, -935, -935, -935, -935, -935, -960, -960, -960, -960, -960, -960, -1263, -935, -935, -935, -935, -935, -935, -935, -935, -935, -935, -935, -935, -935, -935, -935, -935, -935, -935, -935, -935, -935, -935, -935, -935, -935, -935, -935, -935, -935, -935, -935, -935, -935, -935, -935, -935, -935, -935, -935, -935, -935, -935, -935, -935, -935, -935, -935, -935, -935, -935, -935, -935, -935, -935, -935, -935, -935, -935, -935, -935, -935, -935, -935, -935, -935, -935, -935, -935, -935, -935, -935, -935, -935, -935, -935, -935, -935, -935, -935, -935, -935, -935, -935, -935, -935, -935, -935, -935, -935, -935, -935, -935, -935, -935, -935, -935, -935, -935, -935, -935, -935, -935, -935, -935, -935, -935, -935, -935, -935, -935, -935, -935, -935, -935, -935, -935, -935, -935, -935, -935, -935, -935, -935, -935, -935, -935, -935, -935, -935, -935, -935, -935, -935, -935, -935, -935, -935, -935, -935, -935, -935, -935, -935, -935, -935, -935, -935, -935, -935, -935, -935, -935, -935, -935, -935, -935, -935, -935, -935, -935, -935, -935, -935, -935, -935, -935, -935, -935, -935, -935, -935, -935, -935, -935, -935, -935, -935, -935, -935, -935, -935, -935, -935, -935, -935, -935, -935, -935, -935, -935, -935, -935, -935, -935, -935, -935, -935, -935, -935, -935, -935, -935, -935, -935, -935, -935, -935, -935, -935, -935, -935, -935, -935, -935, -935, -935, -935, -935, -935, -935, -935, -935, -935, -935, -935, -935, -935, -935, -935, -935, -935, -935, -935, -935, -935, -935, -935, -935, -935, -935, -935, -935, -935, -935, -935, -935, -935, -935, -935, -935, -935, -935, -935, -935, -935, -935, -935, -935, -935, -935, -935, -935, -1049, -1049, -1049, -1049, -1049, -1049, -1049, -940, -940, -1049, -1049, -1049, -1049, -1049, -1049, -1049, -1049, -1049, -1049, -1049, -1049, -1049, -1049, -1049, -1049, -1049, -1049, -1049, -1049, -1049, -990, -990, -990, -990, -990, -990, -990, -990, -990, -990, -970, -970, -970, -970, -970, -970, -955, -955, -990, -990, -990, -990, -990, -990, -990, -990, -990, -990, -990, -990, -990, -990, -990, -990, -990, -990, -990, -990, -990, -990, -990, -990, -990, -990, -990, -990, -990, -990, -975, -990, -990, -990, -990, -990, -990, -990, -990, -990, -990, -990, -990, -990, -985, -985, -985, -985, -950, -950, -950, -950, -950, -950, -950, -950, -950, -950, -950, -945, -945, -945, -945, -945, -945, -935, -945, -945, -945, -945, -945, -945, -945, -945, -945, -945, -945, -945, -945, -945, -945, -945, -945, -945, -945, -945, -945, -935, -935, -935, -935, -935, -935, -935, -935, -935, -935, -935, -935, -935, -935, -935, -935, -935, -935, -935, -935, -935, -935, -935, -935, -935, -935, -935, -935, -935, -935, -935, -935, -935, -935, -935, -935, -935, -935, -935, -935, -935, -935, -935, -935, -935, -935, -935, -935, -935, -935, -935, -935, -935, -935, -935, -935, -935, -935, -935, -935, -935, -935, -935, -935, -935, -935, -935, -935, -935, -935, -935, -935, -935, -935, -935, -935, -935, -935, -935, -935, -935, -935, -935, -935, -935, -935, -935, -935, -935, -935, -935, -935, -935, -935, -935, -935, -935, -935, -935, -935, -935, -935, -935, -935, -935, -935, -935, -935, -935, -935, -935, -935, -935, -935, -935, -935, -935, -935, -935, -935, -935, -935, -935, -935, -935, -935, -935, -935, -935, -935, -935, -935, -935, -935, -935, -935, -935, -935, -935, -935, -935, -935, -935, -935, -935, -935, -935, -935, -935, -935, -935, -935, -935, -935, -935, -935, -935, -935, -935, -935, -935, -935, -935, -935, -935, -935, -935, -935, -935, -935, -935, -935, -935, -935, -935, -935, -935, -935, -935, -935, -935, -935, -935, -935, -935, -935, -935, -935, -935, -935, -935, -935, -935, -935, -935, -935, -935, -935, -935, -935, -935, -935, -935, -935, -935, -935, -935, -935, -935, -935, -935, -935, -935, -935, -935, -935, -935, -935, -935, -935, -935, -935, -935, -935, -935, -935, -935, -935, -935, -935, -935, -935, -935, -935, -935, -935, -935, -935, -935, -935, -935, -935, -935, -935, -935, -935, -935, -935, -935, -935, -935, -935, -935, -935, -935, -935, -935, -935, -935, -935, -935, -935, -935, -935, -935, -935, -935, -935, -935, -935, -935, -935, -935, -935, -935, -935, -935, -935, -935, -935, -935, -935, -935, -935, -935, -935, -935, -935, -935, -935, -935, -935, -935, -935, -935, -935, -935, -935, -935, -935, -935, -935, -935, -935, -935, -935, -935, -935, -935, -935, -935, -935, -935, -935, -935, -935, -935, -935, -935, -935, -935, -935, -935, -935, -935, -935, -935, -935, -935, -935, -935, -935, -935, -935, -935, -935, -935, -935, -935, -935, -935, -935, -935, -935, -935, -935, -935, -935, -935, -935, -935, -935, -935, -935, -935, -935, -935, -935, -935, -935, -935, -935, -935, -935, -935, -935, -935, -935, -935, -935, -935, -935, -935, -935, -935, -935, -935, -935, -935, -935, -935, -935, -935, -935, -935, -935, -935, -935, -935, -935, -935, -935, -935, -935, -935, -935, -935, -935, -935, -935, -935, -935, -935, -935, -935, -935, -935, -935, -935, -935, -935, -935, -935, -935, -935, -935, -935, -935, -935, -935, -935, -935, -935, -935, -935, -935, -935, -935, -935, -935, -935, -935, -935, -935, -935, -935, -935, -935, -935, -935, -935, -935, -935, -935, -935, -935, -935, -935, -935, -935, -935, -935, -935, -935, -935, -935, -935, -935, -935, -935, -935, -935, -935, -935, -935, -935, -935, -935, -935, -935, -935, -935, -935, -935, -935, -935, -935, -935, -935, -935, -935, -935, -935, -935, -935, -935, -935, -935, -935, -935, -935, -935, -935, -935, -935, -935, -935, -935, -935, -935, -935, -935, -935, -935, -935, -935, -935, -935, -935, -935, -935, -935, -935, -935, -935, -935, -935, -935, -935, -935, -935, -935, -935, -935, -935, -935, -935, -935, -935, -935, -935, -935, -935, -935, -935, -935, -935, -935, -935, -935, -935, -935, -935, -935, -935, -935, -935, -935, -935, -935, -935, -935, -935, -935, -935, -935, -935, -935, -935, -935, -935, -935, -935, -935, -935, -935, -935, -935, -935, -935, -935, -935, -935, -935, -935, -935, -935, -935, -935, -935, -935, -935, -935, -935, -935, -935, -935, -935, -935, -935, -935, -935, -935, -935, -935, -935, -935, -935, -935, -935, -935, -935, -935, -935, -935, -935, -935, -935, -935, -935, -935, -935, -935, -935, -935, -935, -935, -935, -935, -935, -935, -935, -935, -935, -935, -935, -935, -935, -935, -935, -935, -935, -935, -935, -935, -935, -935, -935, -935, -935, -935, -935, -935, -935, -935, -935, -935, -935, -935, -935, -935, -935, -935, -935, -935, -935, -935, -935, -935, -935, -935, -935, -935, -935, -935, -935, -935, -935, -935, -935, -935, -935, -935, -935, -935, -935, -935, -935, -935, -935, -935, -935, -935, -935, -935, -935, -935, -935, -935, -935, -935, -935, -935, -935, -935, -935, -935, -935, -935, -935, -935, -935, -935, -935, -935, -935, -935, -935, -935, -935, -935, -935, -935, -935, -935, -935, -935, -935, -935, -935, -935, -935, -935, -935, -935, -935, -935, -935, -935, -935, -935, -935, -935, -935, -935, -935, -935, -935, -935, -935, -935, -935, -935, -935, -935, -935, -935, -935, -935, -935, -935, -935, -935, -935, -935, -935, -935, -935, -935, -935, -935, -935, -935, -935, -935, -935, -935, -935, -935, -935, -935, -935, -935, -935, -935, -935, -935, -935, -935, -935, -935, -935, -935, -935, -935, -935, -935, -935, -935, -935, -935, -935, -935, -935, -935, -935, -935, -935, -935, -935, -935, -935, -935, -935, -935, -935, -935, -935, -935, -935, -935, -935, -935, -935, -935, -935, -935, -935, -935, -935, -935, -935, -935, -935, -935, -935, -935, -935, -935, -935, -935, -935, -935, -935, -935, -935, -935, -935, -935, -935, -935, -935, -935, -935, -935, -935, -935, -935, -935, -935, -935, -935, -935, -935, -935, -935, -935, -935, -935, -935, -935, -935, -935, -935, -935, -935, -935, -935, -935, -935, -935, -935, -935, -935, -935, -935, -935, -935, -935, -935, -935, -935, -935, -935, -935, -935, -935, -935, -935, -935, -935, -935, -935, -935, -935, -935, -935, -935, -935, -935, -935, -935, -935, -935, -935, -935, -935, -935, -935, -935, -935, -935, -935, -935, -935, -935, -935, -935, -935, -935, -935, -935, -935, -935, -935, -935, -935, -935, -935, -935, -935, -935, -935, -935, -935, -935, -935, -935, -935, -990, -990, -935, -935, -935, -935, -935, -935, -935, -935, -935, -935, -935, -935, -935, -935, -935, -935, -935, -935, -935, -935, -945, -945, -945, -945, -945, -945, -945, -945, -945, -935, -935, -935, -935, -945, -935, -945, -945, -945, -945, -945, -945, -945, -945, -945, -945, -945, -945, -945, -945, -945, -945, -945, -945, -945, -945, -945, -945, -945, -945, -945, -945, -945, -945, -935, -935, -935, -935, -935, -935, -935, -935, -935, -935, -935, -935, -935, -935, -935, -935, -935, -935, -935, -935, -935, -935, -935, -935, -935, -935, -935, -935, -935, -935, -935, -935, -935, -935, -935, -935, -935, -935, -935, -935, -935, -935, -935, -935, -935, -935, -935, -935, -935, -935, -935, -935, -935, -935, -935, -935, -935, -935, -935, -935, -935, -935, -935, -935, -935, -935, -935, -935, -935, -935, -935, -935, -935, -935, -935, -935, -935, -935, -935, -935, -935, -935, -935, -935, -935, -935, -935, -935, -935, -935, -935, -935, -935, -935, -935, -935, -935, -935, -935, -975, -975, -975, -975, -975, -975, -975, -975, -975, -975, -975, -975, -975, -975, -975, -960, -975, -975, -975, -975, -975, -975, -975, -975, -975, -975, -975, -975, -975, -975, -975, -975, -975, -975, -975, -975, -975, -975, -975, -975, -975, -975, -975, -975, -975, -975, -975, -975, -975, -975, -975, -975, -975, -975, -965, -965, -965, -965, -965, -965, -965, -965, -965, -965, -965, -965, -965, -965, -965, -965, -965, -965, -965, -965, -965, -965, -965, -965, -965, -965, -965, -965, -965, -965, -965, -965, -965, -965, -965, -965, -965, -965, -965, -965, -965, -965, -965, -965, -965, -965, -965, -965, -965, -965, -965, -965, -965, -965, -965, -965, -965, -965, -965, -965, -965, -965, -965, -965, -965, -965, -965, -965, -965, -965, -965, -965, -965, -965, -965, -965, -965, -965, -965, -965, -965, -965, -965, -965, -950, -950, -950, -950, -950, -950, -950, -950, -950, -950, -950, -950, -950, -950, -950, -950, -950, -950, -950, -950, -950, -950, -950, -950, -950, -950, -950, -940, -950, -950, -950, -950, -950, -950, -950, -945, -950, -950, -950, -950, -950, -950, -950, -950, -950, -950, -950, -950, -950, -950, -945, -945, -945, -945, -945, -945, -945, -945, -945, -945, -945, -945, -945, -940, -935, -940, -940, -940, -940, -940, -940, -940, -940, -940, -940, -940, -940, -940, -940, -940, -940, -940, -940, -940, -940, -940, -940, -940, -940, -940, -940, -940, -940, -940, -935, -935, -935, -935, -935, -935, -935, -935, -935, -935, -935, -935, -935, -935, -935, -935, -935, -935, -935, -935, -935, -935, -935, -935, -935, -935, -935, -935, -935, -935, -935, -935, -935, -935, -935, -935, -935, -935, -935, -935, -935, -935, -935, -935, -935, -935, -935, -935, -935, -935, -935, -935, -935, -935, -935, -935, -935, -935, -935, -935, -935, -935, -935, -935, -935, -935, -935, -935, -935, -935, -935, -935, -935, -935, -935, -935, -935, -935, -935, -935, -935, -935, -935, -935, -935, -935, -935, -935, -935, -935, -935, -935, -935, -935, -935, -935, -935, -935, -935, -935, -935, -1039, -1039, -1039, -1039, -1039, -1140, -1140, -1140, -940, -940, -1140, -935, -935, -935, -935, -935, -935, -935, -935, -935, -935, -935, -935, -935, -980, -980, -980, -980, -980, -980, -980, -980, -980, -980, -980, -980, -970, -970, -955, -970, -970, -970, -970, -970, -970, -975, -955, -955, -955, -955, -970, -975, -975, -975, -975, -975, -975, -975, -970, -970, -970, -970, -970, -970, -970, -970, -970, -970, -970, -970, -970, -970, -970, -970, -970, -970, -970, -970, -970, -970, -970, -970, -970, -970, -970, -970, -970, -970, -970, -970, -970, -970, -970, -955, -955, -955, -955, -955, -970, -970, -970, -970, -970, -970, -970, -970, -970, -970, -970, -970, -970, -970, -970, -970, -970, -970, -970, -970, -970, -970, -970, -970, -970, -970, -970, -970, -970, -970, -970, -970, -970, -970, -970, -970, -970, -970, -970, -970, -970, -970, -970, -970, -950, -950, -970, -970, -970, -970, -970, -970, -970, -970, -970, -970, -970, -970, -970, -970, -970, -970, -970, -970, -975, -975, -975, -975, -975, -975, -975, -975, -975, -975, -975, -975, -975, -975, -975, -975, -975, -975, -975, -975, -975, -975, -975, -975, -975, -975, -975, -975, -975, -975, -975, -975, -975, -975, -975, -975, -975, -975, -975, -975, -975, -975, -975, -975, -975, -955, -950, -950, -950, -950, -950, -950, -950, -950, -950, -950, -950, -950, -950, -950, -950, -950, -950, -950, -950, -950, -950, -950, -950, -950, -950, -950, -950, -950, -950, -950, -950, -950, -950, -950, -950, -950, -950, -950, -945, -945, -950, -950, -950, -950, -950, -950, -950, -950, -950, -950, -950, -950, -950, -950, -950, -950, -950, -950, -950, -950, -950, -950, -950, -950, -950, -950, -950, -950, -950, -950, -950, -950, -950, -950, -950, -950, -950, -950, -950, -950, -950, -950, -950, -950, -950, -950, -950, -950, -950, -950, -950, -950, -950, -950, -950, -950, -950, -950, -950, -950, -950, -935, -935, -945, -945, -940, -945, -945, -945, -945, -945, -945, -945, -945, -945, -945, -945, -945, -945, -945, -945, -945, -945, -945, -940, -945, -945, -945, -945, -945, -945, -945, -945, -945, -945, -945, -945, -945, -945, -945, -945, -945, -945, -945, -945, -945, -945, -945, -945, -945, -945, -945, -945, -945, -945, -945, -945, -945, -945, -945, -940, -940, -940, -940, -940, -940, -940, -940, -940, -940, -940, -940, -940, -940, -940, -940, -940, -940, -940, -940, -940, -940, -940, -940, -940, -940, -940, -940, -940, -940, -940, -940, -940, -940, -940, -940, -940, -940, -940, -940, -940, -940, -940, -940, -940, -940, -940, -940, -940, -940, -940, -940, -940, -940, -940, -940, -940, -940, -940, -940, -940, -940, -940, -940, -940, -940, -940, -940, -940, -940, -940, -940, -940, -940, -940, -940, -940, -940, -940, -940, -940, -940, -940, -935, -935, -935, -935, -935, -935, -935, -935, -935, -935, -935, -935, -935, -935, -935, -935, -935, -935, -935, -935, -935, -935, -935, -935, -935, -935, -935, -935, -935, -935, -935, -935, -935, -935, -935, -935, -935, -935, -935, -935, -935, -935, -935, -935, -935, -935, -935, -935, -935, -935, -935, -935, -935, -935, -935, -935, -935, -935, -935, -935, -935, -935, -935, -935, -935, -935, -935, -935, -935, -935, -935, -935, -935, -935, -935, -935, -935, -935, -935, -935, -935, -935, -935, -935, -935, -935, -935, -935, -935, -935, -935, -935, -935, -935, -935, -935, -935, -935, -935, -935, -935, -935, -935, -935, -935, -935, -935, -935, -935, -935, -935, -935, -935, -935, -935, -935, -935, -935, -935, -935, -935, -935, -935, -935, -935, -935, -935, -935, -935, -935, -935, -935, -935, -935, -935, -935, -935, -935, -935, -935, -935, -935, -935, -935, -935, -935, -935, -935, -935, -935, -935, -935, -935, -935, -935, -935, -935, -935, -935, -935, -935, -935, -935, -935, -935, -935, -935, -935, -935, -935, -935, -935, -935, -935, -935, -935, -935, -935, -935, -935, -935, -935, -935, -935, -935, -935, -935, -935, -935, -935, -935, -935, -935, -935, -935, -935, -935, -935, -935, -935, -935, -935, -935, -935, -935, -935, -935, -935, -935, -935, -935, -935, -935, -935, -935, -935, -935, -935, -935, -935, -935, -935, -935, -935, -935, -935, -935, -935, -935, -935, -935, -935, -935, -935, -935, -935, -935, -935, -935, -935, -935, -935, -935, -935, -935, -935, -935, -935, -935, -935, -935, -940, -940, -940, -940, -940, -940, -940, -940, -940, -1044, -1044, -1044, -1054, -1054, -1054, -1054, -1054, -1054, -1054, -1054, -945, -1054, -1054, -1054, -1054, -1054, -1054, -1054, -1054, -1054, -1054, -1054, -1054, -935, -935, -935, -935, -935, -935, -935, -935, -935, -935, -935, -935, -935, -935, -935, -935, -935, -935, -935, -935, -935, -935, -935, -935, -935, -935, -935, -935, -935, -935, -935, -935, -935, -935, -935, -935, -935, -935, -935, -935, -935, -935, -935, -935, -935, -935, -935, -935, -935, -935, -935, -935, -935, -935, -935, -935, -935, -935, -935, -935, -935, -935, -935, -935, -935, -935, -935, -935, -935, -935, -935, -935, -935, -935, -935, -935, -935, -935, -935, -935, -935, -935, -935, -935, -935, -935, -935, -935, -935, -935, -935, -935, -935, -935, -935, -935, -935, -935, -935, -935, -935, -935, -935, -935, -935, -935, -935, -935, -935, -935, -935, -935, -935, -935, -935, -935, -935, -935, -935, -935, -935, -935, -935, -935, -935, -935, -935, -935, -935, -935, -935, -935, -935, -935, -935, -935, -935, -935, -935, -935, -935, -935, -935, -935, -935, -935, -935, -935, -935, -935, -935, -935, -935, -935, -935, -935, -935, -935, -935, -935, -935, -935, -935, -935, -935, -935, -935, -935, -935, -935, -935, -935, -935, -935, -935, -935, -935, -935, -935, -935, -935, -935, -935, -935, -935, -935, -935, -935, -935, -935, -935, -935, -935, -935, -935, -935, -935, -935, -935, -935, -935, -935, -935, -935, -935, -935, -935, -935, -935, -935, -935, -935, -935, -935, -935, -935, -935, -935, -935, -935, -935, -935, -955, -955, -955, -955, -955, -955, -955, -955, -955, -955, -955, -955, -955, -955, -955, -955, -955, -955, -955, -955, -955, -955, -955, -955, -955, -955, -955, -955, -955, -955, -955, -955, -955, -955, -955, -955, -955, -955, -955, -955, -955, -955, -955, -955, -955, -955, -955, -955, -955, -955, -955, -955, -955, -955, -955, -955, -955, -955, -955, -955, -955, -955, -955, -955, -955, -955, -955, -955, -955, -955, -955, -955, -955, -955, -955, -955, -955, -955, -955, -955, -955, -955, -955, -955, -955, -955, -955, -955, -955, -955, -955, -955, -955, -955, -955, -955, -955, -955, -955, -955, -955, -955, -955, -955, -955, -955, -955, -955, -955, -955, -955, -955, -955, -955, -955, -955, -955, -955, -955, -955, -955, -955, -955, -955, -955, -955, -955, -955, -955, -955, -955, -955, -955, -955, -955, -955, -955, -955, -955, -955, -955, -955, -955, -955, -955, -955, -955, -955, -955, -955, -955, -955, -955, -955, -955, -935, -955, -955, -955, -935, -935, -935, -935, -935, -935, -935, -935, -935, -935, -935, -935, -955, -955, -955, -955, -955, -955, -955, -955, -955, -955, -955, -955, -955, -955, -955, -955, -955, -955, -955, -955, -955, -955, -955, -955, -955, -955, -955, -955, -955, -955, -955, -955, -955, -955, -955, -955, -955, -955, -955, -955, -935, -935, -935, -935, -935, -935, -935, -935, -935, -935, -935, -935, -935, -955, -955, -955, -955, -955, -955, -955, -955, -955, -955, -955, -955, -955, -955, -955, -955, -955, -955, -955, -955, -955, -955, -955, -955, -955, -955, -955, -955, -955, -955, -955, -955, -955, -955, -955, -955, -955, -955, -955, -955, -955, -955, -955, -955, -955, -955, -955, -955, -955, -955, -955, -955, -955, -955, -955, -955, -955, -955, -955, -955, -955, -955, -955, -955, -955, -955, -955, -955, -955, -955, -955, -955, -955, -950, -955, -955, -955, -955, -955, -955, -955, -955, -935, -955, -955, -955, -955, -955, -955, -955, -955, -955, -955, -955, -955, -955, -955, -955, -955, -955, -955, -955, -955, -955, -955, -955, -955, -955, -955, -955, -935, -935, -935, -935, -935, -935, -935, -935, -935, -935, -935, -935, -935, -935, -935, -935, -935, -935, -935, -935, -935, -935, -935, -935, -935, -935, -935, -935, -935, -935, -935, -935, -935, -935, -935, -935, -935, -935, -935, -935, -935, -935, -935, -935, -935, -935, -935, -935, -935, -935, -935, -935, -935, -935, -935, -935, -935, -935, -935, -935, -935, -935, -935, -935, -935, -935, -935, -935, -935, -935, -935, -935, -935, -935, -935, -935, -935, -935, -935, -935, -935, -935, -935, -935, -935, -935, -935, -935, -935, -935, -935, -935, -935, -935, -935, -935, -935, -935, -935, -935, -935, -935, -935, -935, -935, -945, -945, -945, -945, -945, -945, -945, -945, -945, -945, -945, -945, -945, -945, -945, -945, -945, -945, -945, -945, -945, -945, -945, -945, -945, -945, -945, -945, -945, -945, -945, -945, -945, -945, -945, -945, -945, -945, -945, -945, -945, -945, -945, -945, -945, -945, -940, -940, -940, -940, -940, -940, -940, -940, -940, -940, -940, -940, -940, -940, -940, -940, -940, -940, -940, -940, -940, -940, -940, -940, -940, -940, -940, -940, -940, -940, -940, -940, -940, -940, -1238, -1238, -1238, -1238, -1238, -1238, -1238, -1233, -1238, -1238, -1238, -1233, -1233, -1233, -1233, -1238, -1238, -1238, -1238, -1238, -1238, -1238, -1238, -1238, -1238, -1238, -1238, -1238, -1238, -1238, -1228, -1184, -1228, -1228, -1228, -1228, -1228, -1228, -1228, -1228, -1228, -1228, -1228, -1228, -1228, -1228, -1228, -1228, -1228, -1228, -1208, -1223, -1223, -1223, -1223, -1223, -1223, -1035, -1035, -1223, -1228, -1228, -1228, -1228, -1228, -1228, -1228, -1228, -1228, -1228, -1228, -1228, -1228, -1228, -1228, -1228, -1228, -1228, -1228, -1228, -1228, -1228, -1228, -1203, -1203, -1203, -1203, -1030, -1203, -1203, -1203, -1203, -1203, -1089, -1089, -1089, -1089, -1089, -1089, -1089, -975, -1089, -1089, -1089, -1089, -1089, -1089, -1089, -1089, -1089, -1089, -1089, -1089, -1089, -1089, -1089, -1089, -1089, -1089, -1089, -1089, -1089, -1089, -1089, -1089, -1089, -1089, -1089, -1089, -1089, -1089, -1089, -1089, -1089, -1089, -1089, -1089, -1089, -1089, -1089, -1089, -1089, -1089, -1089, -1089, -1089, -1089, -1089, -1089, -1089, -1089, -1089, -1089, -1089, -1089, -1089, -955, -955, -955, -955, -955, -955, -955, -1089, -1089, -1089, -1089, -1089, -1089, -1089, -1089, -1089, -1089, -1089, -1089, -1089, -1089, -1089, -1089, -1089, -1089, -1089, -1089, -1089, -1089, -1089, -1089, -1089, -1089, -1089, -1089, -1089, -1089, -1089, -1089, -1089, -1089, -1089, -1089, -1089, -1089, -1089, -1089, -1089, -970, -970, -970, -970, -970, -1089, -1089, -1089, -1089, -1089, -1089, -1015, -1015, -1015, -1015, -1015, -1015, -1089, -1089, -1089, -1089, -1089, -1074, -1089, -1089, -1089, -1089, -1089, -1089, -1089, -1089, -1089, -1089, -1089, -1089, -1089, -1089, -1089, -1074, -1015, -1015, -1015, -1015, -1015, -1015, -1010, -1010, -1010, -1010, -1010, -1010, -1010, -1010, -1010, -1010, -1015, -1015, -1015, -1015, -1015, -1074, -1074, -1074, -1074, -935, -935, -935, -935, -935, -935, -935, -935, -935, -935, -935, -935, -935, -935, -935, -935, -935, -935, -935, -935, -935, -935, -935, -935, -935, -935, -935, -935, -935, -935, -935, -935, -935, -935, -935, -935, -935, -935, -935, -935, -935, -935, -935, -935, -935, -935, -935, -935, -935, -935, -935, -935, -935, -935, -935, -935, -935, -935, -935, -935, -935, -935, -935, -935, -935, -935, -935, -935, -935, -935, -935, -935, -935, -935, -935, -935, -935, -935, -935, -935, -935, -935, -935, -935, -935, -935, -935, -935, -935, -935, -935, -935, -935, -935, -935, -935, -935, -935, -935, -935, -935, -935, -935, -935, -935, -935, -935, -935, -935, -935, -935, -935, -935, -935, -935, -935, -935, -935, -935, -935, -935, -935, -935, -935, -935, -935, -935, -935, -935, -935, -935, -935, -935, -935, -935, -935, -935, -935, -935, -935, -935, -935, -935, -935, -935, -935, -935, -935, -935, -935, -935, -935, -935, -935, -935, -935, -935, -935, -935, -935, -935, -935, -935, -935, -935, -935, -935, -935, -935, -935, -935, -935, -935, -935, -935, -935, -935, -935, -935, -935, -935, -935, -935, -935, -935, -935, -935, -935, -935, -935, -935, -935, -935, -935, -935, -935, -935, -935, -935, -935, -935, -935, -935, -935, -935, -935, -935, -935, -935, -935, -935, -935, -935, -945, -945, -945, -945, -945, -945, -945, -945, -945, -945, -945, -945, -945, -945, -945, -945, -945, -945, -945, -945, -945, -945, -945, -945, -945, -945, -945, -945, -945, -945, -945, -945, -945, -945, -945, -945, -945, -945, -945, -945, -945, -945, -945, -945, -945, -945, -945, -945, -945, -945, -945, -945, -945, -945, -945, -945, -945, -945, -945, -945, -945, -935, -935, -935, -935, -935, -935, -935, -935, -935, -935, -935, -935, -935, -935, -935, -935, -935, -935, -935, -935, -935, -935, -935, -935, -935, -935, -935, -935, -935, -935, -935, -935, -935, -935, -935, -935, -935, -935, -935, -935, -935, -935, -935, -935, -935, -935, -935, -935, -935, -935, -935, -935, -935, -935, -935, -935, -935, -935, -935, -935, -935, -935, -935, -935, -935, -935]
