Selecci칩n Ruleta
Cruzamiento Uniforme 0.2
Mutaci칩n Gaussiana 0.01 0.5

Resultado obtenido en 15471 iteraciones.
Aptitud: -935
Mejor genotipo: [[[50],[0],[0],[0],[0]],[[100],[100],[0],[100],[100]],[[50],[60],[20],[60],[60]],[[0],[0],[0],[0],[100]],[[50],[50],[50],[50],[50]]]

Resultado obtenido en 12697 iteraciones.
Aptitud: -935
Mejor genotipo: [[[50],[0],[0],[0],[0]],[[100],[100],[0],[100],[100]],[[60],[60],[60],[60],[0]],[[0],[0],[0],[0],[100]],[[50],[50],[50],[50],[50]]]

Resultado obtenido en 12114 iteraciones.
Aptitud: -935
Mejor genotipo: [[[50],[0],[0],[0],[0]],[[100],[100],[0],[100],[100]],[[0],[60],[60],[60],[60]],[[0],[0],[0],[0],[100]],[[50],[50],[50],[50],[50]]]

Resultado obtenido en 14697 iteraciones.
Aptitud: -935
Mejor genotipo: [[[50],[0],[0],[0],[0]],[[100],[100],[0],[100],[100]],[[60],[0],[60],[60],[60]],[[0],[0],[100],[0],[0]],[[50],[50],[50],[50],[50]]]

Resultado obtenido en 16232 iteraciones.
Aptitud: -935
Mejor genotipo: [[[50],[0],[0],[0],[0]],[[100],[100],[0],[100],[100]],[[60],[60],[0],[60],[60]],[[0],[0],[100],[0],[0]],[[50],[50],[50],[50],[50]]]

Resultado obtenido en 12518 iteraciones.
Aptitud: -935
Mejor genotipo: [[[50],[0],[0],[0],[0]],[[100],[100],[0],[100],[100]],[[60],[60],[60],[60],[0]],[[100],[0],[0],[0],[0]],[[50],[50],[50],[50],[50]]]

Resultado obtenido en 17798 iteraciones.
Aptitud: -935
Mejor genotipo: [[[50],[0],[0],[0],[0]],[[100],[100],[0],[100],[100]],[[60],[60],[60],[0],[60]],[[0],[0],[100],[0],[0]],[[50],[50],[50],[50],[50]]]

Resultado obtenido en 13267 iteraciones.
Aptitud: -935
Mejor genotipo: [[[50],[0],[0],[0],[0]],[[100],[100],[0],[100],[100]],[[60],[60],[60],[0],[60]],[[100],[0],[0],[0],[0]],[[50],[50],[50],[50],[50]]]

Resultado obtenido en 15641 iteraciones.
Aptitud: -935
Mejor genotipo: [[[50],[0],[0],[0],[0]],[[100],[100],[0],[100],[100]],[[60],[0],[60],[60],[60]],[[0],[0],[0],[0],[100]],[[50],[50],[50],[50],[50]]]

Resultado obtenido en 16909 iteraciones.
Aptitud: -935
Mejor genotipo: [[[50],[0],[0],[0],[0]],[[100],[100],[0],[100],[100]],[[60],[60],[60],[0],[60]],[[0],[0],[100],[0],[0]],[[50],[50],[50],[50],[50]]]

La cantidad promedio de iteraciones fueron 14734.4 y la m치xima fue de 17798
Hubieron 10 resultado(s) con el valor de aptitud -935, que fue el mas alto.
La menor cantidad de iteraciones para llegar al mejor resultado fue de 12114. El genotipo fue:
[[[50],[0],[0],[0],[0]],[[100],[100],[0],[100],[100]],[[0],[60],[60],[60],[60]],[[0],[0],[0],[0],[100]],[[50],[50],[50],[50],[50]]]

Los datos de aptitud por iteraci칩n son:
[-504557, -403309, -403309, -403309, -403309, -403309, -303739, -303739, -305040, -304667, -304667, -204013, -304265, -203463, -204329, -203920, -204329, -203742, -203454, -203464, -202830, -202830, -202830, -203380, -203090, -203380, -203280, -203162, -202954, -202954, -202954, -202954, -202800, -202800, -202800, -202800, -202800, -202800, -202775, -202775, -202775, -202775, -202775, -202777, -202790, -202717, -202717, -202695, -202695, -202607, -202672, -202176, -102614, -102614, -102614, -102614, -102614, -102427, -102427, -102427, -102338, -2526, -2437, -2437, -2026, -2026, -2437, -2437, -2437, -2437, -2437, -2437, -2437, -2437, -2043, -2043, -2043, -2043, -2043, -2256, -2256, -2041, -2041, -2041, -2041, -2041, -1819, -1819, -1806, -1806, -1819, -1819, -1819, -1819, -1819, -1819, -1819, -1790, -1790, -1790, -1756, -1756, -1756, -1790, -1761, -1761, -1761, -1790, -1790, -1790, -1790, -1691, -1691, -1691, -1691, -1691, -1691, -1691, -1691, -1419, -1419, -1656, -1656, -1656, -1691, -1691, -1691, -1691, -1691, -1627, -1627, -1627, -1627, -1627, -1617, -1617, -1617, -1617, -1617, -1627, -1627, -1627, -1627, -1627, -1523, -1523, -1523, -1523, -1523, -1523, -1523, -1523, -1523, -1523, -1523, -1523, -1523, -1523, -1523, -1523, -1523, -1523, -1523, -1523, -1523, -1523, -1523, -1523, -1523, -1523, -1523, -1523, -1523, -1523, -1523, -1424, -1424, -1424, -1424, -1424, -1424, -1424, -1424, -1424, -1424, -1424, -1424, -1424, -1424, -1424, -1424, -1424, -1523, -1523, -1627, -1627, -1627, -1627, -1543, -1627, -1627, -1627, -1627, -1622, -1622, -1558, -1572, -1622, -1543, -1622, -1622, -1622, -1622, -1622, -1622, -1622, -1622, -1622, -1553, -1553, -1553, -1553, -1553, -1553, -1553, -1518, -1518, -1518, -1518, -1518, -1518, -1518, -1518, -1518, -1518, -1518, -1518, -1518, -1518, -1518, -1518, -1518, -1518, -1518, -1468, -1468, -1468, -1468, -1468, -1468, -1468, -1468, -1468, -1468, -1468, -1468, -1468, -1468, -1468, -1468, -1468, -1344, -1344, -1344, -1364, -1364, -1364, -1364, -1285, -1285, -1285, -1285, -1285, -1285, -1285, -1285, -1285, -1285, -1285, -1285, -1285, -1285, -1285, -1285, -1285, -1265, -1285, -1285, -1285, -1285, -1285, -1285, -1285, -1285, -1285, -1285, -1285, -1285, -1285, -1285, -1285, -1285, -1285, -1285, -1285, -1285, -1285, -1285, -1285, -1285, -1285, -1285, -1285, -1285, -1285, -1285, -1285, -1280, -1280, -1285, -1285, -1285, -1285, -1285, -1285, -1285, -1285, -1285, -1285, -1285, -1285, -1285, -1285, -1285, -1285, -1285, -1285, -1265, -1285, -1285, -1285, -1285, -1285, -1285, -1285, -1220, -1220, -1220, -1220, -1220, -1220, -1220, -1220, -1220, -1220, -1220, -1220, -1200, -1200, -1200, -1200, -1200, -1220, -1220, -1220, -1220, -1220, -1215, -1200, -1200, -1200, -1200, -1200, -1200, -1200, -1200, -1200, -1200, -1200, -1200, -1200, -1190, -1190, -1190, -1190, -1190, -1190, -1190, -1190, -1190, -1190, -1175, -1175, -1175, -1175, -1175, -1175, -1175, -1175, -1175, -1175, -1175, -1175, -1175, -1175, -1175, -1175, -1175, -1175, -1175, -1175, -1175, -1175, -1175, -1175, -1175, -1175, -1175, -1175, -1175, -1175, -1175, -1175, -1175, -1175, -1175, -1175, -1175, -1175, -1175, -1175, -1175, -1175, -1175, -1175, -1175, -1175, -1175, -1175, -1175, -1175, -1175, -1175, -1175, -1175, -1175, -1175, -1175, -1175, -1175, -1175, -1175, -1175, -1175, -1175, -1175, -1175, -1175, -1175, -1175, -1175, -1175, -1175, -1175, -1175, -1175, -1175, -1175, -1175, -1175, -1175, -1175, -1175, -1175, -1175, -1175, -1175, -1175, -1175, -1175, -1175, -1175, -1175, -1175, -1175, -1175, -1175, -1170, -1175, -1175, -1175, -1175, -1175, -1175, -1175, -1175, -1175, -1175, -1175, -1175, -1175, -1175, -1175, -1175, -1175, -1175, -1175, -1175, -1175, -1175, -1175, -1175, -1155, -1155, -1155, -1155, -1175, -1175, -1175, -1175, -1175, -1175, -1175, -1175, -1175, -1175, -1175, -1175, -1175, -1175, -1175, -1175, -1175, -1175, -1175, -1175, -1175, -1175, -1175, -1175, -1175, -1175, -1175, -1175, -1175, -1175, -1175, -1175, -1175, -1175, -1175, -1175, -1175, -1175, -1175, -1175, -1165, -1165, -1165, -1165, -1165, -1165, -1165, -1165, -1165, -1165, -1165, -1165, -1165, -1165, -1165, -1165, -1165, -1165, -1165, -1165, -1165, -1165, -1165, -1165, -1165, -1165, -1165, -1165, -1165, -1165, -1165, -1165, -1165, -1165, -1165, -1165, -1165, -1160, -1160, -1165, -1165, -1165, -1165, -1165, -1165, -1165, -1165, -1165, -1160, -1165, -1165, -1165, -1165, -1165, -1165, -1165, -1165, -1165, -1165, -1165, -1165, -1165, -1165, -1165, -1165, -1165, -1165, -1165, -1165, -1165, -1165, -1165, -1165, -1165, -1165, -1165, -1165, -1165, -1165, -1165, -1165, -1165, -1165, -1165, -1165, -1165, -1165, -1165, -1165, -1165, -1165, -1165, -1165, -1165, -1165, -1165, -1165, -1165, -1165, -1165, -1165, -1165, -1165, -1160, -1165, -1165, -1165, -1165, -1135, -1135, -1135, -1135, -1135, -1135, -1135, -1135, -1135, -1135, -1135, -1135, -1135, -1135, -1135, -1135, -1135, -1135, -1135, -1135, -1135, -1135, -1135, -1135, -1135, -1125, -1125, -1135, -1135, -1135, -1135, -1135, -1135, -1135, -1135, -1135, -1135, -1135, -1135, -1135, -1135, -1135, -1135, -1135, -1135, -1135, -1135, -1135, -1135, -1135, -1135, -1135, -1135, -1135, -1135, -1135, -1135, -1135, -1135, -1135, -1135, -1135, -1135, -1135, -1135, -1135, -1135, -1135, -1135, -1135, -1135, -1135, -1135, -1135, -1135, -1135, -1135, -1338, -1338, -1338, -1338, -1338, -1338, -1338, -1338, -1269, -1254, -1338, -1338, -1338, -1338, -1254, -1254, -1254, -1254, -1254, -1254, -1254, -1254, -1241, -1254, -1269, -1269, -1269, -1328, -1328, -1328, -1328, -1328, -1328, -1328, -1328, -1323, -1328, -1229, -1229, -1229, -1229, -1229, -1229, -1229, -1229, -1229, -1229, -1229, -1229, -1229, -1229, -1229, -1229, -1229, -1229, -1229, -1229, -1229, -1229, -1229, -1229, -1229, -1229, -1130, -1130, -1130, -1130, -1229, -1229, -1229, -1229, -1229, -1229, -1229, -1229, -1135, -1229, -1229, -1229, -1229, -1229, -1229, -1229, -1229, -1229, -1229, -1229, -1229, -1229, -1229, -1229, -1229, -1229, -1229, -1229, -1229, -1229, -1229, -1229, -1125, -1125, -1125, -1125, -1125, -1125, -1125, -1125, -1125, -1125, -1125, -1125, -1125, -1125, -1125, -1125, -1125, -1125, -1125, -1125, -1125, -1125, -1125, -1125, -1125, -1125, -1125, -1125, -1125, -1125, -1125, -1125, -1125, -1125, -1125, -1125, -1125, -1095, -1095, -1125, -1125, -1125, -1125, -1125, -1125, -1125, -1125, -1125, -1125, -1125, -1125, -1125, -1125, -1125, -1125, -1125, -1125, -1125, -1125, -1125, -1125, -1105, -1105, -1105, -1105, -1105, -1105, -1105, -1105, -1105, -1105, -1105, -1105, -1105, -1105, -1105, -1105, -1105, -1105, -1105, -1105, -1105, -1105, -1105, -1105, -1105, -1105, -1105, -1105, -1105, -1105, -1105, -1105, -1105, -1105, -1105, -1105, -1105, -1105, -1105, -1105, -1105, -1105, -1105, -1105, -1105, -1105, -1105, -1105, -1105, -1105, -1105, -1085, -1085, -1105, -1105, -1105, -1105, -1105, -1105, -1105, -1105, -1105, -1105, -1105, -1105, -1105, -1105, -1105, -1105, -1105, -1105, -1105, -1105, -1105, -1105, -1105, -1105, -1105, -1105, -1105, -1105, -1105, -1105, -1085, -1080, -1085, -1085, -1085, -1085, -1085, -1085, -1085, -1080, -1085, -1085, -1085, -1085, -1085, -1085, -1085, -1085, -1085, -1085, -1085, -1085, -1085, -1085, -1085, -1085, -1085, -1085, -1085, -1085, -1085, -1070, -1070, -1070, -1070, -1070, -1070, -1070, -1070, -1070, -1070, -1070, -1070, -1070, -1070, -1070, -1070, -1070, -1070, -1070, -1070, -1070, -1070, -1070, -1070, -1070, -1070, -1070, -1070, -1070, -1070, -1070, -1070, -1070, -1070, -1065, -1065, -1065, -1065, -1065, -1065, -1065, -1070, -1070, -1070, -1070, -1070, -1070, -1070, -1070, -1070, -1070, -1070, -1070, -1070, -1065, -1065, -1070, -1070, -1070, -1070, -1070, -1070, -1070, -1070, -1070, -1070, -1070, -1070, -1070, -1070, -1070, -1070, -1070, -1070, -1070, -1070, -1070, -1070, -1070, -1070, -1070, -1070, -1070, -1070, -1070, -1070, -1070, -1070, -1070, -1070, -1070, -1070, -1070, -1070, -1070, -1070, -1070, -1070, -1070, -1070, -1070, -1070, -1070, -1070, -1070, -1070, -1070, -1070, -1070, -1070, -1070, -1070, -1070, -1070, -1070, -1070, -1070, -1070, -1070, -1070, -1070, -1070, -1070, -1070, -1070, -1070, -1070, -1070, -1070, -1070, -1070, -1070, -1070, -1070, -1070, -1070, -1070, -1070, -1065, -1065, -1065, -1065, -1065, -1065, -1065, -1065, -1065, -1065, -1065, -1065, -1065, -1065, -1065, -1065, -1065, -1065, -1065, -1065, -1065, -1065, -1065, -1065, -1065, -1065, -1045, -1045, -1045, -1045, -1045, -1045, -1045, -1045, -1045, -1045, -1045, -1045, -1045, -1045, -1045, -1045, -1045, -1045, -1045, -1045, -1045, -1060, -1060, -1060, -1060, -1060, -1060, -1060, -1060, -1060, -1060, -1060, -1045, -1060, -1060, -1060, -1060, -1060, -1060, -1060, -1060, -1060, -1060, -1060, -1060, -1060, -1060, -1060, -1060, -1060, -1060, -1060, -1060, -1060, -1060, -1060, -1060, -1060, -1060, -1060, -1060, -1060, -1060, -1060, -1060, -1060, -1060, -1045, -1045, -1045, -1045, -1045, -1045, -1045, -1045, -1045, -1045, -1045, -1045, -1045, -1045, -1045, -1045, -1045, -1045, -1045, -1045, -1045, -1045, -1045, -1045, -1045, -1045, -1045, -1035, -1045, -1045, -1045, -1045, -1045, -1045, -1045, -1045, -1045, -1045, -1045, -1045, -1045, -1045, -1045, -1045, -1045, -1045, -1045, -1045, -1045, -1045, -1045, -1045, -1045, -1045, -1045, -1045, -1045, -1045, -1045, -1045, -1045, -1045, -1045, -1045, -1040, -1040, -1040, -1045, -1045, -1045, -1045, -1025, -1025, -1025, -1025, -1025, -1025, -1025, -1025, -1025, -1025, -1025, -1025, -1025, -1025, -1025, -1025, -1025, -1025, -1025, -1025, -1025, -1025, -1025, -1025, -1025, -1025, -1025, -1025, -1025, -1025, -1025, -1025, -1025, -1025, -1025, -1025, -1025, -1025, -1025, -1025, -1025, -1025, -1025, -1025, -1025, -1025, -1025, -1025, -1025, -1025, -1025, -1025, -1025, -1025, -1025, -1025, -1025, -1025, -1025, -1025, -1025, -1025, -1025, -1025, -1025, -1025, -1025, -1025, -1025, -1025, -1025, -1025, -1025, -1025, -1025, -1025, -1025, -1025, -1025, -1025, -1025, -1025, -1025, -1025, -1025, -1025, -1025, -1025, -1025, -1025, -1025, -1025, -1025, -1025, -1025, -1025, -1025, -1025, -1025, -1025, -1025, -1025, -1025, -1025, -1010, -1025, -1025, -1025, -1025, -1025, -1025, -1025, -1025, -1025, -1025, -1025, -1025, -1025, -1025, -1025, -1025, -1025, -1025, -1025, -1025, -1025, -1025, -1025, -1025, -1025, -1025, -1025, -1025, -1025, -1025, -1025, -1025, -1025, -1025, -1025, -1025, -1025, -1025, -1025, -1025, -1025, -1025, -1025, -1025, -1025, -1025, -1025, -1025, -1025, -1025, -1025, -1025, -1025, -1025, -1025, -1025, -1025, -1025, -1025, -1025, -1025, -1025, -1025, -1025, -1025, -1025, -1025, -1025, -1025, -1025, -1025, -1025, -1025, -1025, -1025, -1025, -1025, -1025, -1025, -1025, -1025, -1025, -1025, -1025, -1025, -1025, -1025, -1025, -1025, -1025, -1025, -1025, -1025, -1025, -1025, -1025, -1025, -1025, -1025, -1025, -1025, -1025, -1025, -1025, -1025, -1025, -1025, -1025, -1025, -1025, -1025, -1025, -1025, -1025, -1025, -1025, -1151, -1151, -1151, -1151, -1151, -1151, -1151, -1151, -1151, -1151, -1151, -1151, -1151, -1151, -1151, -1151, -1151, -1151, -1151, -1151, -1151, -1151, -1151, -1151, -1151, -1151, -1020, -1020, -1035, -1035, -1035, -1035, -1035, -1035, -1035, -1035, -1025, -1025, -1025, -1025, -1025, -1025, -1025, -1025, -1025, -1025, -1025, -1025, -1025, -1025, -1025, -1025, -1025, -1025, -1025, -1025, -975, -975, -975, -975, -975, -975, -975, -975, -975, -975, -975, -1025, -1025, -1025, -1025, -1025, -1025, -1025, -1025, -1025, -1025, -1025, -1025, -1025, -1025, -1025, -1025, -1025, -1025, -1025, -1025, -1025, -1025, -1025, -1025, -1025, -1025, -1025, -1025, -1025, -1025, -1025, -1025, -1025, -1025, -1025, -1025, -1025, -1025, -1025, -1005, -1005, -1005, -1005, -1005, -1005, -1005, -1005, -1005, -1005, -1005, -1005, -1025, -1025, -1025, -1025, -1025, -1025, -1025, -1025, -1025, -1025, -1025, -1025, -1025, -1025, -1025, -1025, -1144, -1144, -1144, -1144, -1144, -1144, -1144, -1144, -1144, -1144, -1144, -1144, -1144, -1144, -1144, -1144, -1144, -1144, -1129, -1129, -1129, -1129, -1129, -1129, -1129, -1129, -1129, -1129, -1129, -1129, -1129, -1124, -1124, -1129, -1129, -1124, -1124, -1124, -1129, -1129, -1129, -1129, -1114, -1129, -1129, -1129, -1129, -1129, -1124, -1124, -1124, -1124, -1124, -1124, -1124, -1124, -1129, -1010, -1010, -1010, -1010, -1010, -1129, -1129, -1129, -1129, -1129, -1129, -1129, -1129, -1129, -1129, -1119, -1119, -1129, -1129, -1129, -1124, -1124, -1124, -1124, -1124, -1124, -1124, -1124, -1124, -1124, -1124, -1124, -1124, -1124, -1124, -1124, -1124, -1124, -1124, -1124, -1124, -1124, -1124, -1124, -1124, -1124, -1124, -1124, -1124, -1124, -1124, -1124, -1124, -1124, -1124, -1124, -1124, -1124, -1124, -1124, -1124, -1124, -1124, -1124, -1124, -1124, -1124, -1124, -1124, -1124, -1124, -1124, -1124, -1099, -1099, -1124, -1124, -1124, -1124, -1124, -1124, -1124, -1124, -1124, -1124, -1124, -1124, -1124, -1124, -1124, -1124, -1124, -1124, -1114, -1124, -1124, -1124, -1124, -1124, -1124, -1124, -1124, -1035, -1035, -1124, -1124, -1124, -1124, -1124, -1124, -1124, -1124, -1124, -1124, -1124, -1124, -1124, -1124, -1124, -1124, -1124, -1124, -1124, -1124, -1124, -1124, -1124, -1124, -1124, -1124, -1124, -1124, -1124, -1124, -1124, -1124, -1124, -1124, -1124, -1124, -1124, -1124, -1050, -1050, -1040, -1040, -1040, -1040, -1040, -1040, -1040, -1040, -1040, -1040, -1040, -1030, -1030, -1030, -1040, -1040, -1040, -1040, -1040, -1040, -1040, -1040, -1040, -1040, -1040, -1040, -1040, -1040, -1040, -1040, -1040, -1040, -1040, -1040, -1040, -1040, -1040, -1040, -1040, -1040, -1040, -1040, -1040, -1040, -1040, -1040, -1040, -1040, -1040, -1040, -1040, -1040, -1040, -1040, -1040, -1040, -1040, -1040, -1040, -1040, -1040, -1040, -1040, -1040, -1040, -1040, -1040, -1040, -1030, -1030, -1030, -1030, -1030, -1030, -1030, -1030, -1030, -1030, -1030, -1030, -1030, -1030, -1030, -1030, -1030, -1030, -1030, -1030, -1030, -1030, -1030, -1030, -1030, -1030, -1030, -1030, -1030, -1030, -1030, -1030, -1030, -1030, -1030, -1030, -1030, -1030, -1030, -1030, -1030, -1030, -1030, -1030, -1030, -1030, -1030, -1030, -1030, -1030, -1030, -1030, -1030, -1030, -1030, -1030, -1030, -1030, -1030, -1030, -1030, -1030, -1030, -1030, -1030, -1030, -1030, -1030, -1030, -1030, -1030, -1030, -1030, -1030, -1030, -1030, -1030, -1030, -1030, -1030, -1030, -1030, -1030, -1030, -1030, -1030, -1030, -1030, -1030, -1030, -1030, -1025, -1030, -1030, -1030, -1030, -1030, -1030, -1030, -1030, -985, -985, -985, -985, -985, -985, -985, -985, -985, -985, -985, -985, -985, -985, -985, -985, -985, -985, -985, -985, -985, -960, -960, -960, -960, -960, -960, -960, -960, -960, -960, -960, -960, -960, -960, -960, -960, -960, -960, -960, -960, -960, -960, -960, -960, -960, -960, -960, -960, -960, -960, -960, -960, -960, -960, -960, -960, -960, -960, -960, -960, -960, -960, -960, -960, -960, -960, -960, -960, -960, -960, -960, -960, -935, -935, -935, -935, -935, -935, -935, -935, -935, -935, -935, -935, -935, -935, -935, -935, -935, -935, -935, -935, -935, -935, -935, -935, -935, -935, -935, -935, -935, -935, -935, -935, -935, -935, -935, -935, -935, -935, -935, -935, -935, -935, -935, -935, -935, -935, -935, -935, -935, -935, -935, -935, -935, -935, -935, -935, -935, -935, -935, -935, -935, -935, -935, -935, -935, -935, -935, -935, -935, -935, -935, -935, -935, -935, -935, -935, -935, -935, -935, -935, -935, -935, -935, -935, -935, -935, -935, -935, -935, -935, -935, -935, -935, -935, -935, -935, -935, -935, -935, -935, -935, -935, -935, -935, -935, -935, -935, -935, -935, -935, -935, -935, -935, -935, -935, -935, -935, -935, -935, -935, -935, -935, -935, -935, -935, -935, -935, -935, -935, -935, -935, -935, -935, -935, -935, -935, -935, -935, -935, -935, -935, -935, -935, -935, -935, -935, -935, -935, -935, -935, -935, -935, -935, -935, -935, -935, -935, -935, -935, -935, -935, -935, -935, -935, -935, -935, -935, -935, -935, -935, -935, -935, -935, -935, -935, -935, -935, -935, -935, -935, -935, -935, -935, -935, -935, -935, -935, -935, -935, -935, -935, -935, -935, -935, -935, -935, -935, -935, -935, -935, -935, -935, -935, -935, -935, -935, -935, -935, -935, -935, -935, -935, -935, -935, -935, -935, -935, -935, -935, -935, -935, -935, -935, -935, -935, -935, -935, -935, -935, -935, -935, -935, -935, -935, -935, -935, -935, -935, -935, -935, -935, -935, -935, -935, -935, -935, -935, -935, -935, -935, -935, -935, -935, -935, -935, -935, -935, -935, -935, -935, -935, -935, -935, -935, -935, -935, -935, -935, -935, -935, -935, -935, -935, -935, -935, -935, -935, -935, -935, -935, -935, -935, -935, -935, -935, -935, -935, -935, -935, -935, -935, -935, -935, -935, -935, -935, -935, -935, -935, -935, -935, -935, -935, -935, -935, -935, -935, -935, -935, -935, -935, -935, -935, -935, -935, -935, -935, -935, -935, -935, -935, -935, -935, -935, -935, -935, -935, -935, -935, -935, -935, -935, -935, -935, -935, -935, -935, -935, -935, -935, -935, -935, -935, -935, -935, -935, -935, -935, -935, -935, -935, -935, -935, -935, -935, -935, -935, -935, -935, -935, -935, -935, -935, -935, -935, -935, -935, -935, -935, -935, -935, -935, -935, -935, -935, -935, -935, -935, -935, -935, -935, -935, -935, -935, -935, -935, -935, -935, -935, -935, -935, -935, -935, -935, -935, -935, -935, -935, -935, -935, -935, -935, -935, -935, -935, -935, -935, -935, -935, -935, -935, -935, -935, -935, -935, -935, -935, -935, -935, -935, -935, -935, -935, -935, -935, -935, -935, -935, -935, -935, -935, -935, -935, -935, -935, -935, -935, -935, -935, -935, -935, -935, -935, -935, -935, -935, -935, -935, -935, -935, -935, -935, -935, -935, -935, -935, -935, -935, -935, -935, -935, -935, -935, -935, -935, -935, -935, -935, -935, -935, -935, -935, -935, -935, -935, -935, -935, -935, -935, -935, -935, -935, -935, -935, -935, -935, -935, -935, -935, -935, -935, -935, -935, -935, -935, -935, -935, -935, -935, -935, -935, -935, -935, -1148, -1148, -1148, -1148, -1148, -955, -955, -955, -955, -945, -945, -945, -945, -945, -945, -945, -945, -955, -945, -945, -945, -935, -935, -945, -945, -945, -945, -945, -945, -945, -945, -945, -945, -945, -945, -945, -945, -945, -945, -945, -945, -945, -945, -945, -945, -945, -945, -945, -945, -945, -945, -945, -945, -945, -945, -945, -945, -945, -945, -945, -945, -945, -945, -945, -945, -945, -945, -945, -945, -945, -945, -945, -945, -945, -945, -945, -945, -945, -945, -945, -935, -935, -935, -935, -935, -945, -945, -945, -945, -945, -945, -945, -945, -945, -945, -945, -945, -945, -945, -945, -945, -945, -945, -945, -945, -945, -940, -945, -945, -945, -945, -945, -945, -945, -945, -945, -945, -945, -945, -945, -945, -945, -945, -945, -945, -945, -945, -945, -945, -945, -945, -945, -945, -945, -945, -945, -945, -945, -945, -945, -945, -945, -945, -945, -945, -945, -945, -945, -945, -945, -945, -945, -945, -945, -945, -945, -945, -945, -945, -945, -945, -945, -945, -945, -945, -945, -945, -945, -945, -945, -945, -945, -945, -945, -945, -945, -945, -945, -945, -940, -940, -940, -945, -945, -945, -935, -935, -935, -935, -935, -935, -935, -935, -935, -935, -935, -935, -935, -935, -935, -935, -935, -935, -935, -935, -935, -935, -935, -935, -935, -935, -935, -935, -935, -935, -935, -935, -935, -935, -935, -935, -935, -935, -935, -935, -935, -935, -935, -935, -935, -935, -935, -935, -935, -935, -935, -935, -935, -935, -935, -935, -935, -935, -935, -935, -935, -935, -935, -935, -935, -935, -935, -935, -935, -935, -935, -935, -935, -935, -935, -935, -935, -935, -935, -935, -935, -935, -935, -935, -935, -935, -935, -935, -935, -935, -935, -935, -935, -935, -935, -935, -935, -935, -935, -935, -935, -935, -935, -935, -935, -935, -935, -935, -935, -935, -935, -935, -935, -935, -935, -935, -935, -935, -935, -935, -935, -935, -935, -935, -935, -935, -935, -935, -935, -935, -935, -935, -935, -935, -935, -935, -935, -935, -935, -935, -935, -935, -935, -935, -935, -935, -935, -935, -935, -935, -935, -935, -935, -935, -935, -935, -935, -935, -935, -935, -935, -935, -935, -935, -935, -935, -935, -935, -935, -935, -935, -935, -935, -935, -935, -935, -935, -935, -935, -935, -935, -935, -935, -935, -935, -935, -935, -935, -935, -935, -935, -935, -935, -935, -935, -935, -935, -935, -935, -935, -935, -935, -935, -935, -935, -935, -935, -935, -935, -935, -935, -935, -935, -935, -935, -935, -935, -935, -935, -935, -935, -935, -935, -935, -935, -935, -935, -935, -935, -935, -935, -935, -935, -935, -935, -935, -935, -935, -935, -935, -935, -935, -935, -935, -935, -935, -935, -935, -935, -935, -935, -935, -935, -935, -935, -935, -935, -935, -935, -935, -935, -935, -935, -935, -935, -935, -935, -935, -935, -935, -935, -935, -935, -935, -935, -935, -935, -935, -935, -935, -935, -935, -935, -935, -935, -935, -935, -935, -935, -935, -935, -935, -935, -935, -935, -935, -935, -935, -935, -935, -935, -935, -935, -935, -935, -935, -935, -935, -935, -935, -935, -935, -935, -935, -935, -935, -935, -935, -935, -935, -935, -935, -935, -935, -935, -935, -935, -935, -935, -935, -935, -935, -935, -935, -935, -935, -935, -935, -935, -935, -935, -935, -935, -935, -935, -935, -935, -935, -935, -935, -935, -935, -935, -935, -935, -935, -935, -935, -935, -935, -935, -935, -935, -935, -935, -935, -935, -935, -935, -935, -935, -935, -935, -935, -935, -935, -935, -935, -935, -935, -935, -935, -935, -935, -935, -935, -935, -935, -935, -935, -935, -935, -935, -935, -935, -935, -935, -935, -935, -935, -935, -935, -935, -935, -935, -935, -935, -935, -935, -935, -935, -935, -935, -935, -935, -935, -935, -935, -935, -935, -935, -935, -935, -935, -935, -935, -935, -935, -935, -935, -935, -935, -935, -935, -935, -935, -935, -935, -935, -935, -935, -935, -935, -935, -935, -935, -935, -935, -935, -935, -935, -935, -935, -935, -935, -935, -935, -935, -935, -935, -935, -935, -935, -935, -935, -935, -935, -935, -935, -935, -935, -935, -935, -935, -935, -935, -935, -935, -935, -935, -935, -935, -935, -935, -935, -935, -935, -935, -935, -935, -935, -935, -935, -935, -935, -935, -935, -935, -935, -935, -935, -935, -935, -935, -935, -935, -935, -935, -935, -935, -935, -935, -935, -935, -935, -935, -935, -935, -935, -935, -935, -935, -935, -935, -935, -935, -935, -935, -935, -935, -935, -935, -935, -935, -935, -935, -935, -935, -935, -935, -935, -935, -935, -935, -935, -935, -935, -935, -935, -935, -935, -935, -935, -935, -935, -935, -935, -935, -935, -935, -935, -935, -935, -935, -935, -935, -935, -935, -935, -935, -935, -935, -935, -935, -935, -935, -935, -935, -935, -935, -935, -935, -935, -935, -935, -935, -935, -935, -935, -935, -935, -935, -935, -935, -935, -935, -935, -935, -935, -935, -935, -935, -935, -935, -935, -935, -935, -935, -935, -935, -935, -935, -935, -935, -935, -935, -935, -935, -935, -935, -935, -935, -935, -935, -935, -935, -935, -935, -935, -935, -935, -935, -935, -935, -935, -935, -935, -935, -935, -935, -935, -935, -935, -935, -935, -935, -935, -935, -935, -935, -935, -935, -935, -935, -935, -935, -935, -935, -935, -935, -935, -935, -935, -935, -935, -935, -935, -935, -935, -935, -935, -935, -935, -935, -935, -935, -935, -935, -935, -935, -935, -935, -935, -935, -935, -935, -935, -935, -935, -935, -935, -935, -935, -935, -935, -935, -935, -935, -935, -935, -935, -935, -935, -935, -935, -935, -935, -935, -935, -935, -935, -935, -935, -935, -935, -935, -935, -935, -935, -935, -935, -935, -935, -935, -935, -935, -935, -935, -935, -935, -935, -935, -935, -935, -935, -935, -935, -935, -935, -935, -935, -935, -935, -935, -935, -935, -935, -935, -935, -935, -935, -935, -935, -935, -935, -935, -935, -935, -935, -935, -935, -935, -935, -935, -935, -935, -935, -935, -935, -935, -935, -935, -935, -935, -935, -935, -935, -935, -935, -935, -935, -935, -935, -935, -935, -935, -935, -935, -935, -935, -935, -935, -935, -935, -935, -935, -935, -935, -935, -935, -935, -935, -935, -935, -935, -935, -935, -935, -935, -935, -935, -935, -935, -935, -935, -935, -935, -935, -935, -935, -935, -935, -935, -935, -935, -935, -935, -935, -935, -935, -935, -935, -935, -935, -935, -935, -935, -935, -935, -935, -935, -935, -935, -935, -935, -935, -935, -935, -935, -935, -935, -935, -935, -935, -935, -935, -935, -935, -935, -935, -935, -935, -935, -935, -935, -935, -935, -935, -935, -935, -935, -935, -935, -935, -935, -935, -935, -935, -935, -935, -935, -935, -935, -935, -935, -935, -935, -935, -935, -935, -935, -935, -935, -935, -935, -935, -935, -935, -935, -935, -935, -935, -935, -935, -935, -935, -935, -935, -935, -935, -935, -935, -935, -935, -935, -935, -935, -935, -935, -935, -935, -935, -935, -935, -935, -935, -935, -935, -935, -935, -935, -935, -935, -935, -935, -935, -935, -935, -935, -935, -935, -935, -935, -935, -935, -935, -935, -935, -935, -935, -935, -935, -935, -935, -935, -935, -935, -935, -935, -935, -935, -935, -935, -935, -935, -935, -935, -935, -935, -935, -935, -935, -935, -935, -935, -935, -935, -935, -935, -935, -935, -935, -935, -935, -935, -935, -935, -935, -935, -935, -935, -935, -935, -935, -935, -935, -935, -935, -935, -935, -935, -935, -935, -935, -935, -935, -935, -935, -935, -935, -935, -935, -935, -935, -935, -935, -935, -935, -935, -935, -935, -935, -935, -935, -935, -935, -935, -935, -935, -935, -935, -935, -935, -935, -935, -935, -935, -935, -935, -935, -935, -935, -935, -935, -935, -935, -935, -935, -935, -935, -935, -935, -935, -935, -935, -935, -935, -935, -935, -935, -935, -935, -935, -935, -935, -935, -935, -935, -935, -935, -935, -935, -935, -935, -935, -935, -935, -935, -935, -935, -935, -935, -935, -935, -935, -935, -935, -935, -935, -935, -935, -935, -935, -935, -935, -935, -935, -935, -935, -935, -935, -935, -935, -935, -935, -935, -935, -935, -935, -935, -935, -935, -935, -935, -935, -935, -935, -935, -935, -935, -935, -935, -935, -935, -935, -935, -935, -935, -935, -935, -935, -935, -935, -935, -935, -935, -935, -935, -935, -935, -935, -935, -935, -935, -935, -935, -935, -935, -935, -935, -935, -935, -935, -935, -935, -935, -935, -935, -935, -935, -935, -935, -935, -935, -935, -935, -935, -935, -935, -935, -935, -935, -935, -935, -935, -935, -935, -935, -935, -935, -935, -935, -935, -935, -935, -935, -935, -935, -935, -935, -935, -935, -935, -935, -935, -935, -935, -935, -935, -935, -935, -935, -935, -935, -935, -935, -935, -935, -935, -935, -935, -935, -935, -935, -935, -935, -935, -935, -935, -935, -935, -935, -935, -935, -935, -935, -935, -935, -935, -935, -935, -935, -935, -935, -935, -935, -935, -935, -935, -935, -935, -935, -935, -935, -935, -935, -935, -935, -935, -935, -935, -935, -935, -935, -935, -935, -935, -935, -935, -935, -935, -935, -935, -935, -935, -935, -935, -935, -935, -935, -935, -935, -935, -935, -935, -935, -935, -935, -935, -935, -935, -935, -935, -935, -935, -935, -935, -935, -935, -935, -935, -935, -935, -935, -935, -935, -935, -935, -935, -935, -935, -935, -935, -935, -935, -935, -935, -935, -935, -935, -935, -935, -935, -935, -935, -935, -935, -935, -935, -935, -935, -935, -935, -935, -935, -935, -935, -935, -935, -935, -935, -935, -935, -935, -935, -935, -935, -935, -935, -935, -935, -935, -935, -935, -935, -935, -935, -935, -935, -935, -935, -935, -935, -935, -935, -935, -935, -935, -935, -935, -935, -935, -935, -935, -935, -935, -935, -935, -935, -935, -935, -935, -935, -935, -935, -935, -935, -935, -935, -935, -935, -935, -935, -935, -935, -935, -935, -935, -935, -935, -935, -935, -935, -935, -935, -935, -935, -935, -935, -935, -935, -935, -935, -935, -935, -935, -935, -935, -935, -935, -935, -935, -935, -935, -935, -935, -935, -935, -935, -935, -935, -935, -935, -935, -935, -935, -935, -935, -935, -935, -935, -935, -935, -935, -935, -935, -935, -935, -935, -935, -935, -935, -935, -935, -935, -935, -935, -935, -935, -935, -935, -935, -935, -935, -935, -935, -935, -935, -935, -935, -935, -935, -935, -935, -935, -935, -935, -935, -935, -935, -935, -935, -935, -935, -935, -935, -935, -935, -935, -935, -935, -935, -935, -935, -935, -935, -935, -935, -935, -935, -935, -935, -935, -935, -935, -935, -935, -935, -935, -935, -935, -935, -935, -935, -935, -935, -935, -935, -935, -935, -935, -935, -935, -935, -935, -935, -935, -935, -935, -935, -935, -935, -935, -935, -935, -935, -935, -935, -935, -935, -935, -935, -935, -935, -935, -935, -935, -935, -935, -935, -935, -935, -935, -935, -935, -935, -935, -935, -935, -935, -935, -935, -935, -935, -935, -935, -935, -935, -935, -935, -935, -935, -935, -935, -935, -935, -935, -935, -935, -935, -935, -935, -935, -1044, -1044, -1044, -1044, -1044, -1044, -1044, -1044, -1044, -1044, -1044, -1044, -1044, -1044, -1044, -1044, -1044, -940, -1044, -1044, -1044, -1044, -1044, -1044, -1044, -1044, -1044, -1044, -1044, -1044, -1044, -1044, -1044, -1044, -955, -1044, -1044, -1044, -935, -935, -935, -935, -935, -935, -935, -935, -1039, -1039, -1039, -1039, -1039, -1039, -935, -935, -935, -935, -935, -1039, -1039, -1039, -1039, -1039, -1039, -1039, -1039, -1039, -1039, -1039, -1039, -1039, -1039, -1039, -1039, -935, -935, -935, -935, -935, -935, -935, -935, -935, -935, -935, -935, -935, -935, -935, -935, -935, -935, -935, -935, -935, -935, -935, -935, -935, -935, -935, -935, -935, -935, -935, -935, -935, -935, -935, -935, -935, -935, -935, -935, -935, -935, -935, -935, -935, -935, -935, -935, -935, -935, -935, -935, -935, -935, -935, -935, -935, -935, -935, -935, -935, -935, -935, -935, -935, -935, -935, -935, -935, -935, -935, -935, -935, -935, -935, -935, -935, -935, -935, -935, -935, -935, -935, -935, -935, -935, -935, -935, -935, -935, -935, -935, -935, -935, -935, -935, -935, -935, -935, -935, -935, -935, -935, -935, -935, -935, -935, -935, -935, -935, -935, -935, -935, -935, -935, -935, -935, -935, -935, -935, -935, -935, -935, -1049, -1049, -1049, -1049, -1049, -1049, -1049, -1049, -1059, -1059, -1054, -1059, -1059, -935, -1059, -985, -985, -985, -985, -985, -985, -985, -985, -985, -985, -985, -985, -985, -985, -985, -980, -985, -985, -985, -985, -985, -985, -980, -980, -980, -980, -980, -985, -985, -985, -985, -985, -985, -985, -985, -985, -985, -985, -985, -985, -985, -985, -985, -985, -985, -980, -985, -985, -985, -980, -980, -980, -980, -980, -980, -975, -975, -980, -980, -980, -980, -980, -980, -980, -980, -980, -980, -970, -980, -980, -980, -950, -950, -980, -980, -980, -980, -980, -980, -980, -980, -980, -980, -980, -980, -980, -980, -980, -980, -980, -980, -980, -980, -980, -980, -980, -980, -980, -980, -980, -980, -980, -980, -980, -980, -980, -980, -980, -980, -980, -980, -980, -980, -970, -970, -970, -970, -970, -970, -950, -970, -970, -970, -970, -970, -970, -970, -970, -970, -945, -970, -970, -970, -970, -970, -970, -970, -970, -970, -970, -970, -970, -970, -970, -970, -970, -970, -970, -970, -970, -970, -970, -970, -970, -945, -945, -945, -945, -945, -945, -945, -945, -945, -945, -945, -945, -945, -945, -945, -945, -945, -945, -945, -945, -945, -945, -940, -940, -945, -945, -945, -945, -945, -945, -945, -945, -945, -945, -945, -935, -935, -935, -935, -935, -935, -935, -935, -935, -935, -935, -935, -935, -935, -935, -935, -935, -935, -935, -935, -935, -935, -935, -935, -935, -935, -935, -935, -935, -935, -935, -935, -935, -935, -935, -935, -935, -935, -935, -935, -935, -935, -935, -935, -935, -935, -935, -935, -935, -935, -935, -935, -935, -935, -935, -935, -935, -935, -935, -935, -935, -935, -935, -935, -935, -935, -935, -935, -935, -935, -935, -935, -935, -935, -935, -935, -935, -935, -935, -935, -935, -935, -955, -955, -955, -955, -955, -955, -955, -955, -955, -955, -955, -955, -955, -955, -955, -955, -955, -955, -955, -955, -955, -955, -955, -955, -955, -955, -955, -955, -955, -955, -955, -955, -955, -955, -955, -955, -955, -955, -955, -955, -955, -955, -955, -955, -955, -955, -955, -955, -955, -955, -955, -955, -955, -955, -955, -955, -955, -955, -955, -955, -955, -955, -955, -955, -955, -955, -955, -955, -955, -955, -955, -955, -955, -955, -955, -955, -955, -955, -955, -955, -955, -955, -955, -955, -955, -955, -955, -955, -955, -955, -955, -955, -955, -955, -955, -955, -955, -955, -955, -955, -955, -955, -955, -955, -955, -955, -955, -955, -955, -955, -955, -955, -955, -955, -955, -955, -955, -955, -955, -955, -955, -955, -955, -955, -955, -955, -955, -955, -955, -955, -955, -955, -955, -955, -955, -955, -955, -955, -955, -955, -955, -955, -955, -955, -955, -955, -955, -955, -955, -955, -955, -955, -955, -955, -955, -955, -955, -955, -955, -955, -955, -955, -955, -955, -955, -955, -955, -955, -955, -955, -955, -955, -955, -955, -955, -955, -955, -955, -955, -935, -935, -935, -935, -935, -935, -955, -955, -955, -955, -955, -955, -955, -955, -955, -955, -955, -955, -955, -955, -955, -955, -955, -955, -955, -955, -955, -935, -935, -935, -935, -935, -935, -935, -935, -935, -935, -935, -935, -935, -935, -935, -935, -935, -935, -935, -935, -935, -935, -935, -935, -935, -935, -935, -935, -935, -935, -935, -935, -935, -935, -935, -935, -935, -935, -935, -935, -935, -935, -935, -935, -935, -935, -935, -935, -935, -935, -935, -935, -935, -935, -935, -935, -935, -935, -935, -935, -935, -935, -935, -935, -935, -935, -935, -935, -935, -935, -935, -935, -935, -935, -935, -935, -935, -935, -935, -935, -935, -935, -935, -935, -935, -935, -935, -935, -935, -935, -935, -935, -935, -935, -935, -935, -935, -935, -935, -935, -935, -935, -935, -935, -935, -935, -935, -935, -935, -935, -935, -935, -935, -935, -935, -935, -935, -935, -935, -935, -935, -935, -935, -935, -935, -935, -935, -935, -935, -935, -935, -935, -935, -935, -935, -935, -935, -935, -935, -935, -935, -935, -935, -935, -935, -935, -935, -935, -935, -935, -935, -935, -935, -935, -935, -935, -935, -935, -935, -935, -935, -935, -935, -935, -935, -935, -935, -935, -935, -935, -935, -935, -935, -935, -935, -935, -935, -935, -935, -935, -935, -935, -935, -935, -935, -935, -935, -935, -935, -935, -935, -935, -935, -935, -935, -935, -935, -935, -935, -935, -935, -935, -935, -935, -935, -935, -935, -935, -935, -935, -935, -935, -935, -935, -935, -935, -935, -935, -935, -935, -935, -935, -935, -935, -935, -935, -935, -935, -935, -935, -935, -935, -935, -935, -935, -935, -935, -935, -935, -935, -935, -935, -935, -935, -935, -935, -935, -935, -935, -935, -935, -935, -935, -935, -935, -935, -935, -935, -935, -935, -935, -935, -935, -935, -935, -935, -935, -935, -935, -935, -935, -935, -935, -935, -935, -935, -935, -935, -935, -935, -935, -935, -935, -935, -935, -935, -935, -935, -935, -935, -935, -935, -935, -935, -935, -935, -935, -935, -935, -935, -935, -935, -935, -935, -935, -935, -935, -935, -935, -935, -935, -935, -935, -935, -935, -935, -935, -935, -935, -935, -935, -935, -935, -935, -935, -935, -935, -935, -935, -935, -935, -935, -935, -935, -935, -935, -935, -935, -935, -935, -935, -935, -935, -935, -935, -935, -935, -935, -935, -935, -935, -935, -935, -935, -935, -935, -935, -935, -935, -935, -935, -935, -935, -935, -935, -935, -935, -935, -935, -935, -935, -935, -935, -935, -935, -935, -935, -935, -935, -935, -935, -935, -935, -935, -935, -935, -935, -935, -935, -935, -935, -935, -935, -935, -935, -935, -935, -935, -935, -935, -935, -935, -935, -935, -935, -935, -935, -935, -935, -935, -935, -935, -935, -935, -935, -935, -935, -935, -935, -935, -935, -935, -935, -935, -935, -935, -935, -935, -935, -935, -935, -935, -935, -935, -935, -935, -935, -935, -935, -935, -935, -935, -935, -935, -935, -935, -935, -935, -935, -935, -935, -935, -935, -935, -935, -935, -935, -935, -935, -935, -935, -935, -935, -935, -935, -935, -935, -935, -935, -935, -935, -935, -935, -935, -935, -935, -935, -935, -935, -935, -935, -935, -935, -935, -935, -935, -935, -935, -935, -935, -935, -935, -935, -935, -935, -935, -935, -935, -935, -935, -935, -935, -935, -935, -935, -935, -935, -935, -935, -935, -935, -935, -935, -935, -935, -935, -935, -935, -935, -935, -935, -935, -935, -935, -935, -935, -935, -935, -935, -935, -935, -935, -935, -935, -935, -935, -935, -935, -935, -935, -935, -935, -935, -935, -935, -935, -935, -935, -935, -935, -935, -935, -935, -935, -935, -935, -935, -935, -935, -935, -935, -935, -935, -935, -935, -935, -935, -935, -935, -935, -935, -935, -935, -935, -935, -935, -935, -935, -935, -935, -935, -935, -935, -935, -935, -935, -935, -935, -935, -935, -935, -935, -935, -935, -935, -935, -935, -935, -935, -935, -935, -935, -935, -935, -935, -935, -935, -935, -935, -935, -935, -935, -935, -935, -1039, -1039, -1039, -1039, -1039, -1039, -935, -935, -935, -935, -935, -935, -935, -935, -935, -935, -935, -935, -935, -935, -935, -935, -935, -935, -935, -935, -935, -935, -935, -935, -935, -935, -935, -935, -935, -935, -935, -935, -935, -935, -935, -935, -935, -935, -935, -935, -935, -935, -935, -935, -935, -935, -935, -935, -935, -935, -935, -935, -935, -935, -935, -935, -935, -935, -935, -935, -935, -935, -935, -935, -935, -935, -935, -935, -935, -935, -935, -935, -935, -935, -935, -935, -935, -935, -935, -935, -935, -935, -935, -935, -935, -935, -935, -935, -935, -935, -935, -935, -935, -935, -935, -935, -935, -935, -935, -935, -935, -935, -935, -935, -935, -935, -935, -935, -935, -935, -935, -935, -935, -935, -935, -935, -935, -935, -935, -935, -935, -935, -935, -935, -935, -935, -935, -935, -935, -935, -935, -935, -935, -935, -935, -935, -935, -935, -935, -935, -935, -935, -935, -935, -935, -935, -935, -935, -935, -935, -935, -935, -935, -935, -935, -935, -935, -935, -935, -935, -935, -935, -935, -935, -935, -935, -935, -935, -935, -935, -935, -935, -935, -935, -935, -935, -935, -935, -935, -935, -935, -935, -935, -935, -935, -935, -935, -935, -935, -935, -935, -935, -935, -935, -935, -935, -935, -935, -935, -935, -935, -935, -935, -1180, -1180, -1180, -1180, -1180, -1180, -1180, -1180, -1180, -1180, -1180, -1091, -1091, -1044, -1044, -1044, -1044, -1044, -1044, -950, -950, -950, -1044, -1044, -1044, -1044, -1044, -1044, -1044, -1044, -1044, -1044, -1044, -1044, -1044, -1044, -1044, -1044, -1044, -1044, -1044, -1044, -1044, -935, -935, -935, -935, -935, -935, -935, -935, -935, -935, -935, -935, -935, -935, -935, -935, -935, -935, -935, -935, -935, -935, -935, -935, -935, -935, -935, -935, -935, -935, -935, -935, -935, -935, -935, -935, -935, -935, -935, -935, -935, -935, -935, -935, -935, -935, -935, -935, -935, -935, -935, -935, -935, -935, -935, -935, -935, -935, -935, -935, -935, -935, -935, -935, -935, -935, -935, -935, -935, -935, -935, -935, -935, -935, -935, -935, -935, -935, -935, -935, -935, -935, -935, -935, -935, -935, -935, -935, -935, -935, -935, -935, -935, -935, -935, -935, -935, -935, -935, -935, -935, -935, -935, -935, -935, -935, -935, -935, -935, -935, -935, -935, -935, -935, -935, -935, -935, -935, -935, -935, -935, -935, -935, -935, -935, -935, -935, -935, -935, -935, -935, -935, -935, -935, -935, -935, -935, -935, -935, -935, -935, -935, -935, -935, -935, -935, -935, -935, -935, -935, -935, -935, -935, -935, -935, -935, -935, -935, -935, -935, -935, -935, -935, -935, -935, -935, -935, -935, -935, -935, -935, -935, -935, -935, -935, -935, -935, -935, -935, -935, -935, -935, -935, -935, -935, -935, -935, -935, -935, -935, -935, -935, -935, -935, -935, -935, -935, -935, -935, -935, -935, -935, -935, -935, -935, -935, -935, -935, -935, -935, -935, -935, -935, -935, -935, -935, -935, -935, -935, -935, -935, -935, -935, -935, -935, -935, -935, -935, -935, -935, -935, -935, -935, -935, -935, -935, -935, -935, -935, -935, -935, -935, -935, -935, -935, -935, -935, -935, -935, -935, -935, -935, -935, -935, -935, -935, -935, -935, -935, -935, -935, -935, -935, -935, -935, -935, -935, -935, -935, -935, -935, -935, -935, -935, -935, -935, -935, -935, -935, -935, -935, -935, -935, -935, -935, -935, -935, -935, -935, -935, -935, -935, -935, -935, -935, -935, -935, -935, -935, -935, -935, -935, -935, -935, -935, -935, -935, -935, -935, -935, -935, -935, -935, -935, -935, -935, -935, -935, -935, -935, -935, -935, -935, -935, -935, -935, -935, -935, -935, -935, -935, -935, -935, -935, -935, -935, -935, -935, -935, -935, -935, -935, -935, -935, -935, -935, -935, -935, -935, -935, -935, -935, -935, -935, -935, -935, -935, -935, -935, -935, -935, -935, -935, -935, -935, -935, -935, -935, -935, -935, -935, -935, -935, -935, -935, -935, -935, -935, -935, -935, -935, -935, -935, -935, -935, -935, -935, -935, -935, -935, -935, -935, -935, -935, -935, -935, -935, -935, -935, -935, -935, -935, -935, -935, -935, -935, -935, -935, -935, -935, -935, -935, -935, -935, -935, -935, -935, -935, -935, -935, -935, -935, -935, -935, -935, -935, -935, -935, -935, -935, -935, -935, -935, -935, -935, -935, -935, -935, -935, -935, -935, -935, -935, -935, -935, -935, -935, -935, -935, -935, -935, -935, -935, -935, -935, -935, -935, -935, -935, -935, -935, -935, -935, -935, -935, -935, -935, -935, -935, -935, -935, -935, -935, -935, -935, -935, -935, -935, -935, -935, -935, -935, -935, -935, -935, -935, -935, -935, -935, -935, -935, -935, -935, -935, -935, -935, -935, -935, -935, -935, -935, -935, -935, -935, -935, -935, -935, -935, -935, -935, -935, -935, -935, -935, -935, -935, -935, -935, -935, -935, -935, -935, -935, -935, -935, -935, -935, -935, -935, -935, -935, -935, -935, -935, -935, -935, -935, -935, -935, -935, -935, -935, -935, -935, -935, -935, -935, -935, -935, -935, -935, -935, -935, -935, -935, -935, -935, -935, -935, -935, -935, -935, -935, -935, -935, -935, -935, -935, -935, -935, -935, -935, -935, -935, -935, -935, -935, -935, -935, -935, -935, -935, -935, -935, -935, -935, -935, -935, -935, -935, -935, -935, -935, -935, -935, -935, -935, -935, -935, -935, -935, -935, -935, -935, -935, -935, -935, -935, -935, -935, -935, -935, -935, -935, -935, -935, -935, -935, -935, -935, -935, -935, -935, -935, -935, -935, -935, -935, -935, -935, -935, -935, -935, -935, -935, -935, -935, -935, -935, -935, -935, -935, -935, -935, -935, -935, -935, -935, -935, -935, -935, -935, -935, -935, -935, -935, -935, -935, -935, -935, -935, -935, -935, -935, -935, -935, -935, -935, -935, -935, -935, -935, -935, -935, -935, -935, -935, -935, -935, -935, -935, -935, -935, -935, -935, -935, -935, -935, -935, -935, -935, -935, -935, -935, -935, -935, -935, -935, -935, -935, -935, -935, -935, -935, -935, -935, -935, -935, -935, -935, -935, -935, -935, -935, -935, -935, -935, -935, -935, -935, -935, -935, -935, -935, -935, -935, -935, -935, -935, -935, -935, -935, -935, -935, -935, -935, -935, -935, -935, -935, -935, -935, -935, -935, -935, -935, -935, -935, -935, -935, -935, -935, -935, -935, -935, -935, -935, -935, -935, -935, -935, -935, -935, -935, -935, -935, -935, -935, -935, -935, -935, -935, -935, -935, -935, -935, -935, -935, -935, -935, -935, -935, -935, -935, -935, -935, -935, -935, -935, -935, -935, -935, -935, -935, -935, -935, -935, -935, -935, -935, -935, -935, -935, -935, -935, -935, -935, -935, -935, -935, -935, -935, -935, -935, -935, -935, -935, -935, -935, -935, -935, -935, -935, -935, -935, -935, -935, -935, -935, -935, -935, -935, -935, -935, -935, -935, -935, -935, -935, -935, -935, -935, -935, -935, -935, -935, -935, -935, -935, -935, -935, -935, -935, -935, -935, -935, -935, -935, -935, -935, -935, -935, -935, -935, -935, -935, -935, -935, -935, -935, -935, -935, -935, -935, -935, -935, -935, -935, -935, -935, -935, -935, -935, -935, -935, -935, -935, -935, -935, -935, -935, -935, -935, -935, -935, -935, -935, -935, -935, -935, -935, -935, -935, -935, -935, -935, -935, -935, -935, -935, -935, -935, -935, -935, -935, -935, -935, -935, -935, -935, -935, -935, -935, -935, -935, -935, -935, -935, -935, -935, -935, -935, -935, -935, -935, -935, -935, -935, -935, -935, -935, -935, -935, -935, -935, -935, -935, -935, -935, -935, -935, -935, -935, -935, -935, -935, -935, -935, -935, -935, -935, -935, -935, -935, -935, -935, -935, -935, -935, -935, -935, -935, -935, -935, -935, -935, -935, -935, -935, -935, -935, -935, -935, -935, -935, -935, -935, -935, -935, -935, -935, -935, -935, -935, -935, -935, -935, -935, -935, -935, -935, -935, -935, -935, -935, -935, -935, -935, -935, -935, -935, -935, -935, -935, -935, -935, -935, -935, -935, -935, -935, -935, -935, -935, -935, -935, -935, -935, -935, -935, -935, -935, -935, -935, -935, -935, -935, -935, -935, -935, -935, -935, -935, -935, -935, -935, -935, -935, -935, -935, -935, -935, -935, -935, -935, -935, -935, -935, -935, -935, -935, -935, -935, -935, -935, -935, -935, -935, -935, -935, -935, -935, -935, -935, -935, -935, -935, -935, -935, -935, -935, -935, -935, -935, -935, -935, -935, -935, -935, -935, -935, -935, -935, -935, -935, -935, -935, -935, -935, -935, -935, -935, -935, -935, -935, -935, -935, -935, -935, -935, -935, -935, -935, -935, -935, -935, -935, -935, -935, -935, -935, -935, -935, -935, -935, -935, -935, -935, -935, -935, -935, -935, -935, -935, -935, -935, -935, -935, -935, -935, -935, -935, -935, -935, -935, -935, -935, -935, -935, -935, -935, -935, -935, -935, -935, -935, -935, -935, -935, -935, -935, -935, -935, -935, -935, -935, -935, -935, -935, -935, -935, -935, -935, -935, -935, -935, -935, -935, -935, -935, -935, -935, -935, -935, -935, -935, -935, -935, -935, -935, -935, -935, -935, -935, -935, -935, -935, -935, -935, -935, -945, -945, -945, -945, -945, -945, -945, -935, -935, -935, -935, -935, -935, -935, -935, -935, -935, -935, -935, -935, -935, -935, -935, -935, -935, -935, -935, -935, -935, -935, -935, -935, -935, -935, -935, -935, -935, -935, -935, -935, -935, -935, -935, -935, -935, -935, -935, -935, -935, -935, -935, -935, -935, -935, -935, -935, -935, -935, -935, -935, -935, -935, -935, -935, -935, -935, -935, -935, -935, -935, -935, -935, -935, -935, -935, -935, -935, -935, -935, -935, -935, -935, -935, -935, -935, -935, -935, -935, -935, -935, -935, -935, -935, -935, -935, -935, -935, -935, -935, -935, -935, -935, -935, -935, -935, -935, -935, -935, -935, -935, -935, -935, -935, -935, -935, -935, -935, -935, -935, -935, -935, -935, -935, -935, -935, -935, -935, -935, -935, -935, -935, -935, -935, -935, -935, -935, -935, -935, -935, -935, -935, -935, -935, -935, -935, -935, -935, -935, -935, -935, -935, -935, -935, -935, -935, -935, -935, -935, -935, -935, -935, -935, -935, -935, -935, -935, -935, -935, -935, -935, -935, -935, -935, -935, -935, -935, -935, -935, -935, -935, -935, -935, -935, -935, -935, -935, -935, -935, -935, -935, -935, -935, -935, -935, -935, -935, -935, -935, -935, -935, -935, -935, -935, -935, -935, -935, -935, -935, -935, -935, -935, -935, -935, -935, -935, -935, -935, -935, -935, -935, -935, -935, -935, -935, -935, -935, -935, -935, -935, -935, -935, -935, -935, -935, -935, -935, -935, -935, -935, -935, -935, -935, -935, -935, -935, -935, -935, -935, -935, -1242, -1242, -1064, -1064, -940, -940, -935, -935, -935, -935, -935, -935, -935, -935, -935, -935, -935, -935, -935, -935, -940, -940, -940, -940, -940, -940, -940, -940, -940, -940, -940, -940, -940, -940, -940, -940, -940, -940, -940, -940, -940, -940, -940, -940, -940, -940, -940, -940, -940, -940, -940, -940, -940, -940, -940, -940, -940, -940, -940, -940, -940, -940, -940, -940, -940, -940, -940, -940, -940, -940, -940, -940, -940, -940, -940, -940, -940, -940, -940, -940, -940, -940, -940, -940, -940, -940, -940, -940, -940, -940, -935, -935, -935, -935, -935, -935, -935, -935, -935, -935, -935, -935, -935, -935, -935, -935, -935, -935, -935, -935, -935, -935, -935, -935, -935, -935, -935, -935, -935, -935, -935, -935, -935, -935, -935, -935, -935, -935, -935, -935, -935, -935, -935, -935, -935, -935, -935, -935, -935, -935, -935, -935, -935, -935, -935, -935, -935, -935, -935, -935, -935, -935, -935, -935, -935, -935, -935, -935, -935, -935, -935, -935, -935, -935, -935, -935, -935, -935, -935, -935, -935, -935, -935, -935, -935, -935, -935, -935, -935, -935, -935, -935, -935, -935, -935, -935, -935, -935, -935, -935, -935, -935, -935, -935, -935, -935, -935, -935, -935, -935, -935, -935, -935, -935, -935, -935, -935, -935, -935, -935, -935, -935, -935, -935, -935, -935, -935, -935, -935, -935, -935, -935, -935, -935, -935, -935, -935, -935, -935, -935, -935, -935, -935, -935, -935, -935, -935, -935, -935, -935, -935, -935, -935, -935, -935, -935, -935, -935, -935, -935, -935, -935, -935, -935, -935, -935, -935, -935, -935, -935, -935, -935, -935, -935, -935, -935, -935, -935, -935, -935, -935, -935, -935, -935, -935, -935, -935, -935, -935, -935, -935, -935, -935, -935, -935, -935, -935, -935, -935, -935, -935, -935, -935, -935, -935, -935, -935, -935, -935, -935, -935, -935, -935, -935, -935, -935, -935, -935, -935, -935, -935, -935, -935, -935, -935, -935, -935, -935, -935, -935, -935, -935, -935, -935, -935, -935, -935, -935, -935, -935, -935, -935, -935, -935, -935, -935, -935, -935, -935, -935, -935, -935, -935, -935, -935, -935, -935, -935, -935, -935, -935, -935, -935, -935, -935, -935, -935, -935, -935, -935, -935, -935, -935, -935, -935, -935, -935, -935, -935, -935, -935, -935, -935, -935, -935, -935, -935, -935, -935, -935, -935, -935, -935, -935, -935, -935, -935, -935, -935, -935, -935, -935, -935, -935, -935, -935, -935, -935, -935, -935, -935, -935, -935, -935, -935, -935, -935, -935, -935, -935, -935, -935, -935, -935, -935, -935, -935, -935, -935, -935, -935, -935, -935, -935, -935, -935, -935, -935, -935, -935, -935, -935, -935, -935, -935, -935, -935, -935, -935, -935, -935, -935, -935, -935, -935, -935, -935, -935, -935, -935, -935, -935, -935, -935, -935, -935, -935, -935, -935, -935, -935, -935, -935, -935, -935, -935, -935, -935, -935, -935, -935, -935, -935, -935, -935, -935, -935, -935, -935, -935, -935, -935, -935, -935, -935, -935, -935, -935, -935, -935, -935, -935, -935, -935, -935, -935, -935, -935, -935, -935, -935, -935, -935, -935, -935, -935, -935, -935, -935, -935, -935, -935, -935, -935, -935, -935, -935, -935, -935, -935, -935, -935, -935, -935, -935, -935, -935, -935, -935, -935, -935, -935, -935, -935, -935, -935, -935, -935, -935, -935, -935, -935, -935, -935, -935, -935, -935, -935, -935, -935, -935, -935, -935, -935, -935, -935, -935, -935, -935, -935, -935, -935, -935, -935, -935, -935, -935, -935, -935, -935, -935, -935, -935, -935, -935, -935, -935, -935, -935, -935, -935, -935, -935, -935, -935, -935, -935, -935, -935, -935, -935, -935, -935, -935, -935, -935, -935, -935, -935, -935, -935, -935, -935, -935, -935, -935, -935, -935, -935, -935, -935, -935, -935, -935, -935, -935, -935, -935, -935, -935, -935, -935, -935, -935, -935, -935, -935, -935, -935, -935, -935, -935, -935, -935, -935, -935, -935, -935, -935, -935, -935, -935, -935, -935, -935, -935, -935, -935, -935, -935, -935, -935, -935, -935, -935, -935, -935, -935, -935, -935, -935, -935, -935, -935, -935, -935, -935, -935, -935, -935, -935, -935, -935, -935, -935, -935, -935, -935, -935, -935, -935, -935, -935, -935, -935, -935, -935, -935, -935, -935, -935, -935, -935, -935, -935, -935, -935, -935, -935, -935, -935, -935, -935, -935, -935, -935, -935, -935, -935, -935, -935, -935, -935, -935, -935, -935, -935, -935, -935, -935, -935, -935, -935, -935, -935, -935, -935, -935, -935, -935, -935, -935, -935, -935, -935, -935, -935, -935, -935, -935, -935, -935, -935, -935, -935, -935, -935, -935, -935, -935, -935, -935, -935, -935, -935, -935, -935, -935, -935, -935, -935, -935, -935, -935, -935, -935, -935, -935, -935, -935, -935, -935, -935, -935, -935, -935, -935, -935, -935, -935, -935, -935, -935, -935, -935, -935, -935, -935, -935, -935, -935, -935, -935, -935, -935, -935, -935, -935, -935, -935, -935, -935, -935, -935, -935, -935, -935, -935, -935, -935, -935, -935, -935, -935, -935, -935, -935, -935, -935, -935, -935, -935, -935, -935, -935, -1178, -1178, -1178, -1178, -1178, -1178, -1178, -1178, -1178, -1178, -1178, -1178, -1178, -1178, -1178, -1178, -1178, -1178, -1178, -1178, -1178, -1178, -1178, -1178, -1178, -1178, -1173, -1173, -1173, -1173, -1173, -1173, -1173, -1173, -1173, -1173, -1173, -1173, -1173, -1173, -1173, -1173, -1173, -1173, -1049, -1049, -1049, -1049, -1049, -1049, -1049, -1049, -1049, -1049, -1049, -1049, -950, -950, -950, -950, -950, -945, -945, -945, -945, -945, -945, -945, -945, -945, -945, -945, -945, -945, -945, -945, -945, -945, -945, -945, -945, -945, -945, -945, -945, -945, -945, -945, -945, -945, -945, -945, -945, -945, -945, -945, -935, -935, -945, -945, -945, -945, -945, -945, -945, -945, -945, -945, -945, -945, -945, -945, -945, -945, -945, -945, -945, -945, -945, -945, -945, -945, -945, -945, -945, -945, -945, -945, -945, -945, -945, -945, -945, -945, -945, -945, -945, -945, -945, -945, -945, -945, -945, -945, -945, -945, -945, -945, -945, -945, -945, -945, -945, -945, -945, -945, -945, -945, -945, -945, -945, -945, -945, -945, -945, -945, -945, -945, -945, -945, -945, -945, -945, -945, -945, -945, -945, -945, -945, -945, -945, -945, -945, -945, -945, -945, -945, -945, -940, -940, -945, -945, -945, -945, -945, -945, -945, -945, -945, -945, -945, -935, -935, -945, -945, -945, -945, -945, -945, -945, -945, -945, -945, -945, -945, -945, -945, -945, -945, -945, -945, -945, -945, -945, -945, -945, -945, -945, -945, -945, -945, -940, -945, -945, -945, -945, -945, -945, -945, -945, -945, -945, -945, -950, -950, -985, -985, -985, -985, -985, -985, -985, -985, -985, -985, -985, -985, -985, -980, -980, -985, -985, -985, -985, -985, -985, -985, -985, -985, -985, -985, -985, -985, -985, -985, -985, -975, -985, -985, -985, -985, -985, -985, -985, -985, -985, -985, -985, -985, -985, -985, -985, -985, -985, -985, -985, -985, -985, -985, -985, -985, -985, -985, -985, -985, -985, -985, -985, -985, -985, -985, -985, -985, -985, -985, -985, -985, -985, -985, -985, -985, -985, -985, -985, -985, -985, -985, -985, -985, -985, -985, -985, -985, -985, -985, -985, -985, -985, -985, -950, -950, -985, -985, -980, -980, -980, -980, -980, -980, -980, -980, -980, -980, -980, -980, -980, -980, -980, -980, -980, -980, -985, -985, -985, -970, -985, -985, -985, -985, -985, -985, -985, -985, -985, -985, -985, -985, -985, -985, -985, -985, -985, -985, -985, -985, -985, -985, -985, -985, -985, -985, -985, -985, -985, -985, -985, -985, -985, -985, -985, -985, -985, -985, -985, -985, -985, -985, -985, -985, -985, -985, -985, -985, -985, -985, -985, -985, -980, -980, -980, -980, -980, -980, -980, -980, -980, -980, -980, -980, -980, -980, -980, -980, -980, -980, -980, -970, -970, -970, -970, -980, -980, -980, -980, -980, -980, -980, -980, -980, -980, -980, -980, -980, -980, -980, -980, -980, -980, -980, -980, -980, -980, -975, -980, -980, -980, -980, -980, -975, -975, -975, -975, -975, -975, -975, -975, -975, -975, -975, -975, -980, -980, -980, -980, -980, -980, -980, -980, -980, -980, -980, -980, -980, -980, -980, -980, -980, -980, -980, -980, -980, -980, -980, -980, -980, -980, -980, -980, -980, -980, -980, -980, -980, -980, -980, -980, -980, -980, -980, -970, -970, -970, -970, -970, -980, -980, -980, -980, -980, -980, -980, -980, -955, -955, -955, -955, -955, -955, -955, -955, -955, -955, -955, -955, -955, -955, -955, -955, -955, -955, -955, -955, -955, -955, -955, -955, -955, -955, -955, -955, -955, -955, -955, -955, -955, -955, -955, -955, -955, -955, -955, -955, -955, -955, -955, -955, -955, -955, -955, -955, -955, -955, -955, -955, -955, -955, -955, -955, -955, -955, -955, -955, -955, -955, -955, -955, -955, -955, -955, -955, -955, -955, -955, -955, -955, -955, -955, -955, -955, -955, -955, -955, -955, -955, -955, -955, -955, -955, -955, -955, -955, -955, -955, -955, -955, -955, -955, -955, -955, -955, -955, -955, -955, -955, -955, -955, -955, -955, -955, -955, -955, -955, -955, -955, -955, -955, -955, -955, -955, -955, -955, -955, -955, -955, -955, -955, -955, -955, -955, -955, -955, -955, -955, -955, -955, -955, -955, -955, -955, -955, -955, -955, -955, -955, -955, -955, -955, -955, -955, -955, -955, -955, -955, -955, -955, -955, -955, -955, -955, -955, -955, -955, -955, -955, -955, -955, -955, -955, -955, -955, -955, -955, -955, -955, -955, -955, -955, -955, -955, -955, -955, -980, -980, -980, -980, -980, -980, -980, -980, -965, -965, -965, -965, -965, -965, -965, -965, -965, -965, -965, -965, -965, -965, -965, -965, -965, -965, -965, -965, -965, -965, -965, -965, -965, -965, -965, -965, -965, -965, -965, -965, -965, -965, -965, -965, -965, -965, -965, -965, -965, -965, -965, -965, -965, -965, -965, -955, -955, -955, -950, -965, -965, -965, -965, -965, -965, -965, -965, -965, -965, -965, -965, -965, -965, -965, -965, -965, -965, -965, -965, -965, -965, -965, -965, -965, -965, -965, -965, -965, -965, -965, -965, -965, -965, -960, -965, -965, -965, -965, -965, -965, -965, -965, -965, -965, -965, -965, -965, -965, -965, -965, -965, -965, -965, -965, -965, -965, -965, -965, -965, -950, -950, -950, -965, -965, -965, -965, -965, -965, -965, -965, -965, -965, -965, -965, -965, -965, -965, -965, -965, -965, -965, -965, -965, -960, -960, -965, -965, -965, -965, -965, -965, -965, -965, -965, -965, -965, -965, -965, -965, -965, -965, -965, -965, -965, -965, -965, -965, -965, -965, -965, -965, -965, -965, -965, -965, -965, -965, -965, -965, -965, -965, -965, -965, -965, -965, -965, -965, -965, -965, -965, -965, -965, -965, -965, -965, -960, -955, -955, -955, -960, -960, -960, -960, -960, -960, -960, -960, -960, -960, -960, -960, -960, -960, -960, -960, -950, -950, -950, -950, -950, -950, -950, -950, -960, -960, -960, -960, -960, -960, -960, -960, -960, -960, -960, -960, -960, -960, -960, -960, -960, -960, -960, -960, -960, -960, -960, -960, -960, -960, -960, -960, -960, -960, -960, -960, -960, -960, -960, -960, -960, -960, -960, -960, -960, -960, -960, -960, -960, -960, -960, -960, -960, -960, -960, -960, -960, -960, -960, -960, -960, -960, -960, -960, -960, -960, -960, -960, -960, -960, -960, -960, -960, -960, -960, -960, -960, -960, -960, -960, -960, -960, -960, -960, -960, -960, -960, -960, -960, -960, -960, -960, -960, -950, -950, -950, -950, -950, -950, -950, -950, -950, -950, -950, -945, -945, -945, -945, -945, -945, -945, -945, -945, -935, -935, -935, -935, -935, -935, -935, -935, -935, -935, -935, -935, -935, -935, -935, -935, -935, -935, -935, -935, -935, -935, -935, -935, -935, -935, -935, -935, -935, -935, -935, -935, -935, -935, -935, -935, -935, -935, -935, -935, -935, -935, -935, -935, -935, -935, -935, -935, -935, -935, -935, -935, -935, -935, -935, -935, -935, -935, -935, -935, -935, -935, -935, -935, -935, -935, -935, -935, -935, -935, -935, -935, -935, -935, -935, -935, -935, -935, -935, -935, -935, -935, -935, -935, -935, -935, -935, -935, -935, -935, -935, -935, -935, -935, -935, -935, -935, -935, -935, -935, -935, -935, -935, -935, -935, -935, -935, -935, -935, -935, -935, -935, -935, -935, -935, -935, -935, -935, -935, -935, -935, -935, -935, -935, -935, -935, -935, -935, -935, -935, -935, -935, -935, -935, -935, -935, -935, -935, -935, -935, -935, -935, -935, -935, -935, -935, -935, -935, -935, -935, -935, -935, -935, -935, -935, -935, -935, -935, -935, -935, -935, -935, -935, -935, -935, -935, -935, -935, -935, -935, -935, -935, -935, -935, -935, -935, -935, -935, -935, -935, -935, -935, -935, -935, -935, -935, -935, -935, -935, -935, -935, -935, -935, -935, -935, -935, -935, -935, -935, -935, -935, -935, -935, -935, -935, -935, -935, -935, -935, -935, -935, -935, -935, -935, -935, -935, -935, -935, -935, -935, -935, -935, -935, -935, -935, -935, -935, -935, -935, -935, -935, -935, -935, -935, -935, -935, -935, -935, -935, -935, -935, -935, -935, -935, -935, -935, -935, -935, -935, -935, -935, -935, -935, -935, -935, -935, -935, -935, -935, -935, -935, -935, -935, -935, -935, -935, -935, -935, -935, -935, -935, -935, -935, -935, -935, -935, -935, -935, -935, -935, -935, -935, -935, -935, -935, -935, -935, -935, -935, -935, -935, -935, -935, -935, -935, -935, -935, -935, -935, -935, -935, -935, -935, -935, -935, -935, -935, -935, -935, -935, -935, -935, -935, -935, -935, -935, -935, -935, -935, -935, -935, -935, -935, -935, -935, -935, -935, -935, -935, -935, -935, -935, -935, -935, -935, -935, -935, -935, -935, -935, -935, -935, -935, -935, -935, -935, -935, -935, -935, -935, -935, -935, -935, -935, -935, -935, -935, -935, -935, -935, -935, -935, -935, -935, -935, -935, -935, -935, -935, -935, -935, -935, -935, -935, -935, -935, -935, -935, -935, -935, -935, -935, -935, -935, -935, -935, -935, -935, -935, -935, -935, -935, -935, -935, -935, -935, -935, -935, -935, -935, -935, -935, -935, -935, -935, -935, -935, -935, -935, -935, -935, -935, -935, -935, -935, -935, -935, -935, -935, -935, -935, -935, -935, -935, -935, -935, -935, -935, -935, -935, -935, -935, -935, -935, -935, -935, -935, -935, -935, -935, -935, -935, -935, -935, -935, -935, -935, -935, -935, -935, -935, -935, -935, -935, -935, -935, -935, -935, -935, -935, -935, -935, -935, -935, -935, -935, -935, -935, -935, -935, -935, -935, -935, -935, -935, -935, -935, -935, -935, -935, -935, -935, -935, -935, -935, -935, -935, -935, -935, -935, -935, -935, -935, -935, -935, -935, -935, -935, -935, -935, -935, -935, -935, -935, -935, -935, -935, -935, -935, -935, -935, -935, -935, -935, -935, -935, -935, -935, -935, -935, -935, -935, -935, -935, -935, -935, -935, -935, -935, -935, -935, -935, -935, -935, -935, -935, -935, -935, -935, -935, -935, -935, -935, -935, -935, -935, -935, -935, -935, -935, -935, -935, -935, -935, -935, -935, -935, -935, -935, -935, -935, -935, -935, -935, -935, -935, -935, -935, -935, -935, -935, -935, -935, -935, -935, -935, -935, -935, -935, -935, -935, -935, -935, -935, -935, -935, -935, -935, -935, -935, -935, -935, -935, -935, -935, -935, -935, -935, -935, -935, -935, -935, -935, -935, -935, -935, -935, -935, -935, -935, -935, -935, -935, -935, -935, -935, -935, -935, -935, -935, -935, -935, -935, -935, -935, -935, -935, -935, -935, -935, -935, -935, -935, -935, -935, -935, -935, -935, -935, -935, -935, -935, -935, -935, -935, -935, -935, -935, -935, -935, -935, -935, -935, -935, -935, -935, -935, -935, -935, -935, -935, -935, -935, -935, -935, -935, -935, -935, -935, -935, -935, -935, -935, -935, -935, -935, -935, -935, -935, -935, -935, -935, -935, -935, -935, -935, -935, -935, -935, -935, -935, -935, -935, -935, -935, -935, -935, -935, -935, -935, -935, -935, -935, -935, -935, -935, -935, -935, -935, -935, -935, -935, -935, -935, -935, -935, -935, -935, -935, -935, -935, -935, -935, -935, -935, -935, -935, -935, -935, -935, -935, -935, -935, -935, -935, -935, -935, -935, -935, -935, -935, -935, -935, -935, -935, -935, -935, -935, -935, -935, -935, -935, -935, -935, -935, -935, -935, -935, -935, -935, -935, -935, -935, -935, -935, -935, -935, -935, -935, -935, -935, -935, -935, -935, -935, -935, -935, -935, -935, -935, -935, -935, -935, -935, -935, -935, -935, -935, -935, -935, -935, -935, -935, -935, -935, -935, -935, -935, -935, -935, -935, -935, -935, -935, -935, -935, -935, -935, -935, -935, -935, -935, -935, -935, -935, -935, -935, -935, -935, -935, -935, -935, -935, -935, -935, -935, -935, -935, -935, -935, -935, -935, -935, -935, -935, -935, -935, -935, -935, -935, -935, -935, -935, -935, -935, -935, -935, -935, -935, -935, -935, -935, -935, -935, -935, -935, -935, -935, -935, -935, -935, -935, -935, -935, -935, -935, -935, -935, -935, -935, -935, -935, -935, -935, -935, -935, -935, -935, -935, -935, -935, -935, -935, -935, -935, -935, -935, -935, -935, -935, -935, -935, -935, -935, -935, -935, -935, -935, -935, -935, -935, -935, -935, -935, -935, -935, -935, -935, -935, -935, -935, -935, -935, -935, -935, -935, -935, -935, -935, -935, -935, -935, -935, -935, -935, -935, -935, -935, -935, -935, -935, -935, -935, -935, -935, -935, -935, -935, -935, -935, -935, -935, -935, -935, -935, -935, -935, -935, -935, -935, -935, -935, -935, -935, -935, -935, -935, -935, -935, -935, -935, -935, -935, -935, -935, -935, -935, -935, -935, -935, -935, -935, -935, -935, -935, -935, -935, -935, -935, -935, -935, -935, -935, -935, -935, -935, -935, -935, -935, -935, -935, -935, -935, -935, -935, -935, -935, -935, -935, -935, -935, -935, -935, -935, -935, -935, -935, -935, -935, -935, -935, -935, -935, -935, -935, -935, -935, -935, -935, -935, -935, -935, -935, -955, -955, -955, -955, -955, -955, -955, -955, -1406, -1262, -1262, -1485, -1436, -1193, -1193, -1193, -1193, -1193, -1193, -1178, -1183, -1183, -1183, -1183, -1183, -1183, -1183, -1183, -1183, -1183, -1183, -1183, -1183, -1183, -1096, -1096, -1183, -1183, -1183, -1183, -1183, -1163, -1094, -1094, -1094, -1094, -1094, -1094, -1094, -1094, -1094, -1094, -1094, -1094, -1094, -1094, -1094, -1094, -1094, -1094, -1094, -995, -995, -995, -995, -995, -995, -995, -1094, -1094, -1094, -1094, -1094, -1094, -1094, -1081, -1081, -1081, -1081, -1081, -1081, -1081, -1081, -1081, -1081, -1081, -1081, -1081, -1081, -1081, -1081, -1081, -1081, -1081, -1081, -1081, -1081, -1081, -1081, -1081, -1081, -1081, -1081, -1081, -1081, -1081, -1081, -1081, -1081, -1081, -1081, -1081, -1081, -1081, -1081, -1081, -1081, -1081, -1081, -1081, -995, -995, -995, -1005, -1005, -1005, -1005, -1005, -1005, -1005, -1005, -1005, -1000, -1000, -1000, -1000, -1000, -1000, -1000, -1000, -1000, -1000, -1000, -1000, -1000, -1000, -1000, -1000, -1000, -1000, -1000, -1000, -1000, -1000, -1000, -1000, -1000, -1000, -1000, -1000, -1000, -1000, -1000, -1000, -1000, -1000, -1000, -1000, -1000, -1000, -1000, -1000, -1000, -1000, -1000, -1000, -1000, -1000, -1000, -1000, -1000, -1000, -1000, -980, -980, -980, -975, -975, -975, -975, -975, -975, -975, -975, -975, -975, -975, -975, -975, -975, -975, -970, -970, -970, -970, -970, -970, -970, -975, -975, -975, -975, -975, -975, -975, -975, -975, -975, -975, -975, -975, -975, -975, -970, -975, -975, -975, -975, -975, -975, -975, -975, -975, -975, -975, -975, -975, -975, -975, -970, -975, -975, -975, -975, -975, -975, -975, -975, -975, -975, -975, -975, -975, -975, -975, -975, -975, -975, -975, -975, -975, -975, -975, -975, -975, -975, -975, -975, -975, -975, -975, -975, -975, -975, -975, -975, -975, -975, -975, -975, -975, -975, -975, -975, -975, -975, -975, -975, -975, -975, -975, -975, -975, -975, -975, -975, -975, -975, -975, -975, -975, -975, -975, -975, -975, -975, -975, -975, -975, -975, -975, -975, -975, -975, -975, -975, -975, -975, -975, -975, -975, -975, -975, -975, -975, -975, -975, -975, -975, -975, -975, -975, -975, -975, -975, -975, -975, -975, -975, -975, -975, -975, -975, -975, -975, -975, -975, -975, -975, -975, -975, -970, -975, -975, -975, -975, -975, -975, -975, -975, -975, -975, -975, -975, -975, -975, -975, -975, -975, -975, -975, -975, -975, -975, -975, -975, -975, -975, -975, -975, -975, -975, -975, -975, -975, -975, -975, -975, -975, -975, -975, -975, -975, -975, -975, -975, -975, -975, -975, -970, -970, -975, -975, -975, -975, -975, -975, -975, -975, -975, -975, -975, -975, -975, -975, -975, -975, -975, -975, -975, -975, -975, -975, -975, -975, -975, -975, -975, -975, -975, -975, -975, -975, -975, -975, -975, -975, -975, -975, -975, -975, -975, -975, -975, -975, -975, -975, -975, -975, -975, -975, -975, -975, -975, -975, -975, -975, -975, -970, -970, -970, -970, -970, -970, -970, -970, -970, -970, -970, -970, -970, -970, -970, -970, -970, -970, -970, -970, -955, -970, -970, -970, -970, -970, -970, -970, -970, -970, -970, -970, -970, -970, -970, -970, -970, -970, -970, -970, -970, -970, -970, -970, -970, -970, -970, -970, -970, -970, -970, -970, -970, -970, -970, -970, -970, -970, -970, -970, -970, -965, -965, -965, -965, -970, -970, -970, -970, -970, -970, -970, -970, -970, -970, -970, -970, -970, -970, -970, -970, -970, -970, -970, -970, -970, -970, -970, -970, -970, -970, -970, -970, -970, -970, -970, -970, -970, -970, -970, -970, -970, -970, -970, -970, -970, -970, -970, -970, -965, -965, -965, -965, -965, -965, -965, -965, -965, -965, -965, -965, -965, -965, -965, -965, -965, -965, -965, -965, -965, -965, -940, -940, -965, -965, -965, -965, -965, -965, -965, -965, -965, -965, -965, -965, -965, -965, -965, -965, -965, -965, -940, -965, -965, -965, -965, -965, -965, -965, -965, -965, -965, -965, -965, -965, -965, -965, -965, -965, -965, -965, -965, -965, -965, -965, -965, -965, -965, -965, -965, -965, -965, -965, -965, -965, -965, -965, -965, -965, -965, -965, -965, -965, -965, -965, -965, -965, -965, -965, -965, -965, -965, -965, -965, -965, -965, -965, -965, -965, -965, -965, -965, -965, -965, -965, -965, -965, -965, -965, -965, -965, -965, -965, -965, -965, -965, -965, -965, -965, -965, -965, -965, -965, -965, -965, -965, -965, -965, -965, -965, -965, -965, -965, -965, -965, -965, -965, -950, -950, -950, -965, -965, -965, -965, -965, -965, -965, -965, -965, -965, -965, -965, -965, -965, -965, -965, -965, -965, -965, -965, -965, -965, -965, -965, -965, -965, -965, -965, -965, -965, -965, -965, -965, -965, -965, -965, -965, -965, -965, -965, -965, -965, -965, -965, -965, -965, -965, -965, -965, -965, -965, -965, -965, -965, -965, -965, -965, -965, -965, -965, -965, -965, -965, -965, -965, -965, -965, -965, -965, -965, -965, -965, -965, -965, -965, -965, -965, -965, -965, -965, -965, -965, -965, -965, -965, -965, -965, -965, -965, -965, -965, -965, -965, -960, -960, -960, -960, -965, -965, -965, -965, -965, -965, -965, -965, -965, -965, -965, -965, -965, -965, -965, -965, -965, -965, -965, -965, -965, -965, -965, -965, -965, -965, -965, -965, -965, -965, -965, -965, -960, -960, -965, -965, -965, -965, -965, -965, -960, -960, -960, -960, -960, -960, -960, -960, -960, -945, -945, -945, -945, -945, -945, -945, -945, -940, -940, -940, -940, -945, -945, -945, -945, -945, -945, -945, -945, -945, -945, -945, -945, -945, -945, -945, -945, -945, -945, -945, -945, -945, -945, -945, -945, -945, -945, -945, -945, -945, -945, -945, -945, -945, -945, -945, -945, -945, -945, -945, -945, -945, -945, -945, -945, -945, -945, -945, -945, -945, -945, -945, -945, -945, -945, -945, -945, -945, -945, -945, -945, -945, -945, -945, -945, -945, -945, -945, -945, -945, -945, -945, -945, -945, -945, -945, -945, -945, -945, -945, -940, -945, -945, -945, -945, -945, -945, -945, -945, -945, -945, -945, -945, -945, -940, -940, -940, -940, -940, -940, -940, -940, -940, -940, -940, -940, -940, -940, -940, -940, -940, -940, -940, -940, -940, -940, -940, -940, -940, -940, -940, -940, -940, -940, -940, -940, -940, -940, -940, -940, -940, -940, -940, -940, -940, -940, -940, -940, -940, -940, -940, -940, -940, -940, -940, -940, -940, -940, -940, -940, -940, -940, -940, -940, -940, -940, -940, -940, -940, -940, -940, -940, -940, -940, -940, -940, -940, -940, -940, -940, -940, -940, -940, -940, -940, -940, -940, -940, -940, -940, -940, -940, -940, -940, -940, -940, -940, -940, -940, -940, -940, -940, -940, -940, -940, -940, -940, -940, -940, -940, -940, -940, -940, -940, -940, -940, -940, -940, -940, -940, -940, -940, -940, -940, -940, -940, -940, -940, -940, -940, -940, -940, -940, -940, -940, -940, -940, -940, -940, -940, -940, -940, -940, -940, -940, -940, -940, -940, -940, -940, -940, -940, -940, -935, -940, -940, -940, -935, -940, -940, -940, -940, -940, -940, -940, -940, -940, -940, -940, -940, -940, -940, -940, -940, -935, -935, -935, -935, -935, -940, -940, -940, -940, -940, -940, -940, -940, -940, -940, -940, -940, -940, -940, -940, -940, -940, -940, -940, -935, -940, -940, -940, -940, -940, -940, -940, -940, -940, -940, -940, -940, -940, -940, -940, -940, -940, -940, -940, -940, -940, -940, -940, -940, -940, -940, -940, -940, -940, -940, -940, -940, -935, -940, -940, -940, -940, -940, -940, -940, -940, -940, -940, -940, -940, -940, -1163, -1163, -1163, -1163, -1163, -1163, -1163, -1163, -1163, -1163, -1163, -1163, -1163, -1163, -1163, -1163, -1153, -1153, -1163, -1163, -1163, -1163, -1163, -1163, -1163, -1025, -1025, -1025, -1025, -1025, -1025, -1025, -1025, -1025, -1025, -1025, -1025, -1025, -1025, -1025, -1025, -1010, -1010, -1010, -1010, -1025, -1025, -1025, -1025, -1025, -1025, -1020, -1020, -1020, -1010, -1010, -1010, -1010, -1010, -1010, -1010, -1010, -1010, -1010, -1010, -1010, -1025, -1025, -1025, -1025, -1025, -1025, -1025, -1025, -1025, -1025, -1025, -1025, -1025, -1025, -1025, -1025, -1025, -1025, -1025, -1025, -1025, -1015, -1015, -1015, -1015, -1015, -1025, -1025, -1025, -1025, -1025, -1025, -1025, -1025, -1025, -1025, -1025, -1025, -1025, -1025, -1010, -1010, -1010, -1010, -1010, -1010, -1010, -1010, -1010, -1010, -1010, -1010, -1010, -1010, -1010, -1010, -1010, -1010, -1010, -1010, -1010, -1010, -1010, -1010, -1010, -1010, -1010, -1010, -1010, -1010, -1010, -1010, -1010, -1010, -1010, -1010, -1010, -1010, -1010, -1010, -1010, -1010, -1010, -1010, -1010, -1010, -1010, -1010, -1010, -1010, -1010, -1010, -1010, -1010, -1010, -1010, -990, -990, -1010, -1010, -1010, -1010, -1010, -1010, -1010, -1010, -1010, -990, -990, -1010, -1010, -1010, -1010, -1010, -1010, -1010, -1010, -1010, -1010, -980, -980, -980, -995, -995, -995, -995, -995, -995, -995, -995, -995, -970, -970, -970, -995, -995, -995, -995, -995, -995, -995, -995, -995, -995, -995, -995, -995, -995, -995, -995, -995, -995, -995, -995, -995, -995, -995, -995, -995, -995, -995, -995, -995, -965, -965, -965, -965, -965, -965, -965, -965, -995, -995, -995, -995, -995, -995, -995, -995, -995, -995, -995, -995, -995, -995, -995, -995, -995, -995, -995, -995, -995, -995, -995, -995, -995, -995, -995, -995, -995, -995, -995, -995, -995, -995, -995, -995, -995, -995, -995, -995, -995, -995, -995, -995, -995, -995, -990, -990, -990, -990, -990, -990, -990, -990, -990, -990, -990, -990, -990, -990, -990, -990, -990, -990, -990, -990, -990, -990, -990, -990, -965, -965, -965, -965, -965, -965, -965, -965, -965, -965, -965, -965, -965, -965, -965, -965, -965, -965, -965, -965, -965, -965, -965, -965, -965, -965, -965, -965, -965, -965, -965, -965, -965, -965, -965, -965, -965, -965, -965, -965, -965, -965, -965, -965, -965, -965, -965, -965, -965, -965, -965, -965, -965, -965, -965, -965, -965, -965, -940, -940, -940, -940, -940, -940, -940, -940, -940, -940, -940, -940, -940, -940, -940, -940, -940, -940, -940, -940, -940, -940, -940, -940, -940, -940, -940, -940, -940, -940, -940, -940, -940, -940, -940, -940, -940, -940, -940, -940, -940, -940, -940, -940, -940, -940, -940, -940, -940, -940, -940, -940, -940, -940, -940, -940, -940, -940, -940, -940, -940, -940, -940, -940, -940, -940, -940, -940, -940, -940, -940, -940, -940, -940, -940, -940, -940, -940, -940, -940, -940, -940, -940, -940, -940, -940, -940, -940, -940, -940, -940, -940, -940, -940, -940, -940, -940, -940, -940, -940, -940, -940, -940, -940, -940, -940, -940, -940, -940, -940, -940, -940, -940, -940, -940, -940, -940, -940, -940, -940, -940, -940, -940, -940, -940, -940, -940, -940, -940, -940, -940, -940, -940, -940, -940, -940, -940, -940, -940, -940, -940, -940, -940, -940, -940, -940, -940, -935, -940, -940, -940, -940, -940, -940, -940, -940, -940, -940, -940, -940, -940, -940, -940, -940, -940, -940, -940, -940, -940, -940, -940, -940, -940, -940, -940, -940, -940, -940, -940, -940, -940, -940, -940, -940, -940, -940, -940, -940, -940, -940, -940, -940, -940, -940, -940, -940, -940, -940, -940, -940, -940, -940, -940, -940, -940, -940, -940, -940, -940, -940, -940, -940, -940, -940, -940, -940, -940, -940, -940, -940, -940, -940, -940, -940, -940, -940, -940, -940, -940, -940, -940, -940, -940, -940, -940, -940, -940, -940, -940, -940, -940, -940, -940, -940, -940, -940, -940, -940, -940, -940, -940, -940, -940, -940, -940, -940, -940, -940, -940, -940, -940, -940, -940, -940, -940, -940, -940, -940, -940, -940, -940, -940, -940, -940, -940, -940, -940, -940, -940, -940]
